0.0000 1.0000 0.0000 1.0000 3.3107 3.3107
0.0100 1.0000 0.0006 0.9994 20.0000 20.0000
0.0200 1.0000 0.0048 0.9952 3.2938 3.2938
0.0300 1.0000 0.0096 0.9904 2.8696 2.8696
0.0400 1.0000 0.0147 0.9853 2.7815 2.7815
0.0500 1.0000 0.0203 0.9797 2.7012 2.7012
0.0600 1.0000 0.0262 0.9738 2.6258 2.6258
0.0700 1.0000 0.0325 0.9675 2.5748 2.5748
0.0800 1.0000 0.0391 0.9609 2.5161 2.5161
0.0900 1.0000 0.0461 0.9539 2.4563 2.4563
0.1000 1.0000 0.0533 0.9467 2.3989 2.3989
0.1100 1.0000 0.0609 0.9391 2.3406 2.3406
0.1200 1.0000 0.0687 0.9313 2.2693 2.2693
0.1300 1.0000 0.0768 0.9232 2.2019 2.2019
0.1400 1.0000 0.0851 0.9149 2.1448 2.1448
0.1500 1.0000 0.0936 0.9064 2.0897 2.0897
0.1600 1.0000 0.1024 0.8976 2.0362 2.0362
0.1700 1.0000 0.1113 0.8887 1.9844 1.9844
0.1800 1.0000 0.1204 0.8796 1.9341 1.9341
0.1900 1.0000 0.1297 0.8703 1.8829 1.8829
0.2000 1.0000 0.1392 0.8608 1.8331 1.8331
0.2100 1.0000 0.1488 0.8512 1.7816 1.7816
0.2200 1.0000 0.1586 0.8414 1.7288 1.7288
0.2300 1.0000 0.1685 0.8315 1.6774 1.6774
0.2400 1.0000 0.1784 0.8216 1.6302 1.6302
0.2500 1.0000 0.1885 0.8115 1.5853 1.5853
0.2600 1.0000 0.1987 0.8013 1.5416 1.5416
0.2700 1.0000 0.2090 0.7910 1.4983 1.4983
0.2800 1.0000 0.2193 0.7807 1.4551 1.4551
0.2900 1.0000 0.2298 0.7702 1.4131 1.4131
0.3000 1.0000 0.2402 0.7598 1.3843 1.3843
0.3100 1.0000 0.2508 0.7492 1.3576 1.3576
0.3200 1.0000 0.2613 0.7387 1.3278 1.3278
0.3300 1.0000 0.2720 0.7280 1.2923 1.2923
0.3400 1.0000 0.2826 0.7174 1.2577 1.2577
0.3500 1.0000 0.2933 0.7067 1.2247 1.2247
0.3600 1.0000 0.3040 0.6960 1.1925 1.1925
0.3700 1.0000 0.3147 0.6853 1.1610 1.1610
0.3800 1.0000 0.3255 0.6745 1.1303 1.1303
0.3900 1.0000 0.3362 0.6638 1.1004 1.1004
0.4000 1.0000 0.3469 0.6531 1.0715 1.0715
0.4100 1.0000 0.3577 0.6423 1.0436 1.0436
0.4200 1.0000 0.3684 0.6316 1.0191 1.0191
0.4300 1.0000 0.3791 0.6209 0.9989 0.9989
0.4400 1.0000 0.3898 0.6102 0.9793 0.9793
0.4500 1.0000 0.4005 0.5995 0.9602 0.9602
0.4600 1.0000 0.4112 0.5888 0.9399 0.9399
0.4700 1.0000 0.4218 0.5782 0.9197 0.9197
0.4800 1.0000 0.4324 0.5676 0.9000 0.9000
0.4900 1.0000 0.4430 0.5570 0.8808 0.8808
0.5000 1.0000 0.4536 0.5464 0.8621 0.8621
0.5100 1.0000 0.4641 0.5359 0.8433 0.8433
0.5200 1.0000 0.4746 0.5254 0.8218 0.8218
0.5300 1.0000 0.4850 0.5150 0.7975 0.7975
0.5400 1.0000 0.4954 0.5046 0.7736 0.7736
0.5500 1.0000 0.5058 0.4942 0.7504 0.7504
0.5600 1.0000 0.5161 0.4839 0.7266 0.7266
0.5700 1.0000 0.5264 0.4736 0.7021 0.7021
0.5800 1.0000 0.5366 0.4634 0.6782 0.6782
0.5900 1.0000 0.5467 0.4533 0.6549 0.6549
0.6000 1.0000 0.5568 0.4432 0.6323 0.6323
0.6100 1.0000 0.5669 0.4331 0.6103 0.6103
0.6200 1.0000 0.5768 0.4232 0.5889 0.5889
0.6300 1.0000 0.5867 0.4133 0.5680 0.5680
0.6400 1.0000 0.5965 0.4035 0.5477 0.5477
0.6500 1.0000 0.6063 0.3937 0.5312 0.5312
0.6600 1.0000 0.6160 0.3840 0.5163 0.5163
0.6700 1.0000 0.6256 0.3744 0.4995 0.4995
0.6800 1.0000 0.6351 0.3649 0.4805 0.4805
0.6900 1.0000 0.6445 0.3555 0.4619 0.4619
0.7000 1.0000 0.6539 0.3461 0.4410 0.4410
0.7100 1.0000 0.6632 0.3368 0.4140 0.4140
0.7200 1.0000 0.6724 0.3276 0.3872 0.3872
0.7300 1.0000 0.6815 0.3185 0.3656 0.3656
0.7400 1.0000 0.6905 0.3095 0.3496 0.3496
0.7500 1.0000 0.6995 0.3005 0.3342 0.3342
0.7600 1.0000 0.7083 0.2917 0.3217 0.3217
0.7700 1.0000 0.7171 0.2829 0.3130 0.3130
0.7800 1.0000 0.7257 0.2743 0.3046 0.3046
0.7900 1.0000 0.7343 0.2657 0.2915 0.2915
0.8000 1.0000 0.7428 0.2572 0.2788 0.2788
0.8100 1.0000 0.7512 0.2488 0.2680 0.2680
0.8200 1.0000 0.7595 0.2405 0.2575 0.2575
0.8300 1.0000 0.7677 0.2323 0.2472 0.2472
0.8400 1.0000 0.7758 0.2242 0.2349 0.2349
0.8500 1.0000 0.7838 0.2162 0.2217 0.2217
0.8600 1.0000 0.7917 0.2083 0.2073 0.2073
0.8700 1.0000 0.7995 0.2005 0.1932 0.1932
0.8800 1.0000 0.8073 0.1927 0.1794 0.1794
0.8900 1.0000 0.8149 0.1851 0.1660 0.1660
0.9000 1.0000 0.8225 0.1775 0.1530 0.1530
0.9100 1.0000 0.8299 0.1701 0.1401 0.1401
0.9200 1.0000 0.8373 0.1627 0.1289 0.1289
0.9300 1.0000 0.8445 0.1555 0.1237 0.1237
0.9400 1.0000 0.8517 0.1483 0.1188 0.1188
0.9500 1.0000 0.8587 0.1413 0.1138 0.1138
0.9600 1.0000 0.8657 0.1343 0.1089 0.1089
0.9700 1.0000 0.8726 0.1274 0.1039 0.1039
0.9800 1.0000 0.8793 0.1207 0.0990 0.0990
0.9900 1.0000 0.8860 0.1140 0.0941 0.0941
1.0000 1.0000 0.8926 0.1074 0.0892 0.0892
1.0100 1.0000 0.8991 0.1009 0.0843 0.0843
1.0200 1.0000 0.9056 0.0944 0.0794 0.0794
1.0300 1.0000 0.9119 0.0881 0.0746 0.0746
1.0400 1.0000 0.9181 0.0819 0.0697 0.0697
1.0500 1.0000 0.9243 0.0757 0.0650 0.0650
1.0600 1.0000 0.9304 0.0696 0.0602 0.0602
1.0700 1.0000 0.9363 0.0637 0.0555 0.0555
1.0800 1.0000 0.9422 0.0578 0.0505 0.0505
1.0900 1.0000 0.9480 0.0520 0.0442 0.0442
1.1000 1.0000 0.9538 0.0462 0.0379 0.0379
1.1100 1.0000 0.9594 0.0406 0.0317 0.0317
1.1200 1.0000 0.9650 0.0350 0.0256 0.0256
1.1300 1.0000 0.9705 0.0295 0.0196 0.0196
1.1400 1.0000 0.9759 0.0241 0.0137 0.0137
1.1500 1.0000 0.9812 0.0188 0.0079 0.0079
1.1600 1.0000 0.9864 0.0136 0.0022 0.0022
1.1700 1.0000 0.9916 0.0084 -0.0034 -0.0034
1.1800 1.0000 0.9967 0.0033 -0.0127 -0.0127
1.1900 1.0000 1.0016 -0.0016 -0.0224 -0.0224
1.2000 1.0000 1.0066 -0.0066 -0.0304 -0.0304
1.2100 1.0000 1.0114 -0.0114 -0.0382 -0.0382
1.2200 1.0000 1.0161 -0.0161 -0.0457 -0.0457
1.2300 1.0000 1.0208 -0.0208 -0.0529 -0.0529
1.2400 1.0000 1.0254 -0.0254 -0.0600 -0.0600
1.2500 1.0000 1.0299 -0.0299 -0.0668 -0.0668
1.2600 1.0000 1.0343 -0.0343 -0.0733 -0.0733
1.2700 1.0000 1.0387 -0.0387 -0.0810 -0.0810
1.2800 1.0000 1.0429 -0.0429 -0.0885 -0.0885
1.2900 1.0000 1.0471 -0.0471 -0.0958 -0.0958
1.3000 1.0000 1.0512 -0.0512 -0.1043 -0.1043
1.3100 1.0000 1.0553 -0.0553 -0.1128 -0.1128
1.3200 1.0000 1.0592 -0.0592 -0.1211 -0.1211
1.3300 1.0000 1.0631 -0.0631 -0.1289 -0.1289
1.3400 1.0000 1.0668 -0.0668 -0.1364 -0.1364
1.3500 1.0000 1.0705 -0.0705 -0.1436 -0.1436
1.3600 1.0000 1.0742 -0.0742 -0.1504 -0.1504
1.3700 1.0000 1.0777 -0.0777 -0.1587 -0.1587
1.3800 1.0000 1.0812 -0.0812 -0.1669 -0.1669
1.3900 1.0000 1.0845 -0.0845 -0.1732 -0.1732
1.4000 1.0000 1.0878 -0.0878 -0.1741 -0.1741
1.4100 1.0000 1.0911 -0.0911 -0.1747 -0.1747
1.4200 1.0000 1.0942 -0.0942 -0.1752 -0.1752
1.4300 1.0000 1.0973 -0.0973 -0.1757 -0.1757
1.4400 1.0000 1.1003 -0.1003 -0.1761 -0.1761
1.4500 1.0000 1.1032 -0.1032 -0.1778 -0.1778
1.4600 1.0000 1.1060 -0.1060 -0.1805 -0.1805
1.4700 1.0000 1.1088 -0.1088 -0.1831 -0.1831
1.4800 1.0000 1.1115 -0.1115 -0.1855 -0.1855
1.4900 1.0000 1.1141 -0.1141 -0.1877 -0.1877
1.5000 1.0000 1.1167 -0.1167 -0.1898 -0.1898
1.5100 1.0000 1.1192 -0.1192 -0.1917 -0.1917
1.5200 1.0000 1.1216 -0.1216 -0.1958 -0.1958
1.5300 1.0000 1.1239 -0.1239 -0.2014 -0.2014
1.5400 1.0000 1.1262 -0.1262 -0.2062 -0.2062
1.5500 1.0000 1.1284 -0.1284 -0.2097 -0.2097
1.5600 1.0000 1.1306 -0.1306 -0.2130 -0.2130
1.5700 1.0000 1.1327 -0.1327 -0.2161 -0.2161
1.5800 1.0000 1.1347 -0.1347 -0.2190 -0.2190
1.5900 1.0000 1.1366 -0.1366 -0.2217 -0.2217
1.6000 1.0000 1.1385 -0.1385 -0.2242 -0.2242
1.6100 1.0000 1.1404 -0.1404 -0.2252 -0.2252
1.6200 1.0000 1.1421 -0.1421 -0.2256 -0.2256
1.6300 1.0000 1.1438 -0.1438 -0.2259 -0.2259
1.6400 1.0000 1.1454 -0.1454 -0.2261 -0.2261
1.6500 1.0000 1.1470 -0.1470 -0.2262 -0.2262
1.6600 1.0000 1.1485 -0.1485 -0.2263 -0.2263
1.6700 1.0000 1.1500 -0.1500 -0.2262 -0.2262
1.6800 1.0000 1.1514 -0.1514 -0.2262 -0.2262
1.6900 1.0000 1.1527 -0.1527 -0.2260 -0.2260
1.7000 1.0000 1.1540 -0.1540 -0.2258 -0.2258
1.7100 1.0000 1.1552 -0.1552 -0.2256 -0.2256
1.7200 1.0000 1.1564 -0.1564 -0.2252 -0.2252
1.7300 1.0000 1.1575 -0.1575 -0.2249 -0.2249
1.7400 1.0000 1.1586 -0.1586 -0.2244 -0.2244
1.7500 1.0000 1.1596 -0.1596 -0.2240 -0.2240
1.7600 1.0000 1.1606 -0.1606 -0.2234 -0.2234
1.7700 1.0000 1.1615 -0.1615 -0.2229 -0.2229
1.7800 1.0000 1.1624 -0.1624 -0.2222 -0.2222
1.7900 1.0000 1.1632 -0.1632 -0.2216 -0.2216
1.8000 1.0000 1.1640 -0.1640 -0.2209 -0.2209
1.8100 1.0000 1.1647 -0.1647 -0.2201 -0.2201
1.8200 1.0000 1.1654 -0.1654 -0.2193 -0.2193
1.8300 1.0000 1.1661 -0.1661 -0.2185 -0.2185
1.8400 1.0000 1.1667 -0.1667 -0.2176 -0.2176
1.8500 1.0000 1.1672 -0.1672 -0.2167 -0.2167
1.8600 1.0000 1.1678 -0.1678 -0.2157 -0.2157
1.8700 1.0000 1.1682 -0.1682 -0.2148 -0.2148
1.8800 1.0000 1.1687 -0.1687 -0.2138 -0.2138
1.8900 1.0000 1.1691 -0.1691 -0.2127 -0.2127
1.9000 1.0000 1.1694 -0.1694 -0.2117 -0.2117
1.9100 1.0000 1.1697 -0.1697 -0.2106 -0.2106
1.9200 1.0000 1.1700 -0.1700 -0.2094 -0.2094
1.9300 1.0000 1.1703 -0.1703 -0.2099 -0.2099
1.9400 1.0000 1.1705 -0.1705 -0.2106 -0.2106
1.9500 1.0000 1.1707 -0.1707 -0.2111 -0.2111
1.9600 1.0000 1.1708 -0.1708 -0.2116 -0.2116
1.9700 1.0000 1.1709 -0.1709 -0.2119 -0.2119
1.9800 1.0000 1.1710 -0.1710 -0.2121 -0.2121
1.9900 1.0000 1.1710 -0.1710 -0.2122 -0.2122
2.0000 1.0000 1.1710 -0.1710 -0.2122 -0.2122
2.0100 1.0000 1.1710 -0.1710 -0.2121 -0.2121
2.0200 1.0000 1.1709 -0.1709 -0.2119 -0.2119
2.0300 1.0000 1.1708 -0.1708 -0.2116 -0.2116
2.0400 1.0000 1.1707 -0.1707 -0.2111 -0.2111
2.0500 1.0000 1.1706 -0.1706 -0.2108 -0.2108
2.0600 1.0000 1.1704 -0.1704 -0.2105 -0.2105
2.0700 1.0000 1.1702 -0.1702 -0.2100 -0.2100
2.0800 1.0000 1.1699 -0.1699 -0.2094 -0.2094
2.0900 1.0000 1.1697 -0.1697 -0.2088 -0.2088
2.1000 1.0000 1.1694 -0.1694 -0.2081 -0.2081
2.1100 1.0000 1.1691 -0.1691 -0.2073 -0.2073
2.1200 1.0000 1.1687 -0.1687 -0.2065 -0.2065
2.1300 1.0000 1.1683 -0.1683 -0.2055 -0.2055
2.1400 1.0000 1.1679 -0.1679 -0.2046 -0.2046
2.1500 1.0000 1.1675 -0.1675 -0.2035 -0.2035
2.1600 1.0000 1.1670 -0.1670 -0.2024 -0.2024
2.1700 1.0000 1.1666 -0.1666 -0.2012 -0.2012
2.1800 1.0000 1.1661 -0.1661 -0.2000 -0.2000
2.1900 1.0000 1.1655 -0.1655 -0.1987 -0.1987
2.2000 1.0000 1.1650 -0.1650 -0.1974 -0.1974
2.2100 1.0000 1.1644 -0.1644 -0.1960 -0.1960
2.2200 1.0000 1.1638 -0.1638 -0.1946 -0.1946
2.2300 1.0000 1.1632 -0.1632 -0.1932 -0.1932
2.2400 1.0000 1.1626 -0.1626 -0.1917 -0.1917
2.2500 1.0000 1.1620 -0.1620 -0.1901 -0.1901
2.2600 1.0000 1.1613 -0.1613 -0.1886 -0.1886
2.2700 1.0000 1.1606 -0.1606 -0.1870 -0.1870
2.2800 1.0000 1.1599 -0.1599 -0.1853 -0.1853
2.2900 1.0000 1.1592 -0.1592 -0.1837 -0.1837
2.3000 1.0000 1.1584 -0.1584 -0.1820 -0.1820
2.3100 1.0000 1.1577 -0.1577 -0.1802 -0.1802
2.3200 1.0000 1.1569 -0.1569 -0.1785 -0.1785
2.3300 1.0000 1.1561 -0.1561 -0.1767 -0.1767
2.3400 1.0000 1.1553 -0.1553 -0.1749 -0.1749
2.3500 1.0000 1.1545 -0.1545 -0.1731 -0.1731
2.3600 1.0000 1.1537 -0.1537 -0.1713 -0.1713
2.3700 1.0000 1.1528 -0.1528 -0.1695 -0.1695
2.3800 1.0000 1.1520 -0.1520 -0.1676 -0.1676
2.3900 1.0000 1.1511 -0.1511 -0.1658 -0.1658
2.4000 1.0000 1.1502 -0.1502 -0.1639 -0.1639
2.4100 1.0000 1.1493 -0.1493 -0.1620 -0.1620
2.4200 1.0000 1.1484 -0.1484 -0.1599 -0.1599
2.4300 1.0000 1.1475 -0.1475 -0.1574 -0.1574
2.4400 1.0000 1.1466 -0.1466 -0.1548 -0.1548
2.4500 1.0000 1.1457 -0.1457 -0.1522 -0.1522
2.4600 1.0000 1.1447 -0.1447 -0.1497 -0.1497
2.4700 1.0000 1.1438 -0.1438 -0.1472 -0.1472
2.4800 1.0000 1.1428 -0.1428 -0.1448 -0.1448
2.4900 1.0000 1.1419 -0.1419 -0.1423 -0.1423
2.5000 1.0000 1.1409 -0.1409 -0.1399 -0.1399
2.5100 1.0000 1.1399 -0.1399 -0.1375 -0.1375
2.5200 1.0000 1.1389 -0.1389 -0.1352 -0.1352
2.5300 1.0000 1.1379 -0.1379 -0.1328 -0.1328
2.5400 1.0000 1.1370 -0.1370 -0.1305 -0.1305
2.5500 1.0000 1.1360 -0.1360 -0.1282 -0.1282
2.5600 1.0000 1.1350 -0.1350 -0.1260 -0.1260
2.5700 1.0000 1.1340 -0.1340 -0.1238 -0.1238
2.5800 1.0000 1.1329 -0.1329 -0.1216 -0.1216
2.5900 1.0000 1.1319 -0.1319 -0.1194 -0.1194
2.6000 1.0000 1.1309 -0.1309 -0.1173 -0.1173
2.6100 1.0000 1.1299 -0.1299 -0.1152 -0.1152
2.6200 1.0000 1.1289 -0.1289 -0.1131 -0.1131
2.6300 1.0000 1.1279 -0.1279 -0.1110 -0.1110
2.6400 1.0000 1.1269 -0.1269 -0.1090 -0.1090
2.6500 1.0000 1.1258 -0.1258 -0.1070 -0.1070
2.6600 1.0000 1.1248 -0.1248 -0.1050 -0.1050
2.6700 1.0000 1.1238 -0.1238 -0.1030 -0.1030
2.6800 1.0000 1.1228 -0.1228 -0.1011 -0.1011
2.6900 1.0000 1.1218 -0.1218 -0.0992 -0.0992
2.7000 1.0000 1.1208 -0.1208 -0.0974 -0.0974
2.7100 1.0000 1.1197 -0.1197 -0.0955 -0.0955
2.7200 1.0000 1.1187 -0.1187 -0.0937 -0.0937
2.7300 1.0000 1.1177 -0.1177 -0.0919 -0.0919
2.7400 1.0000 1.1167 -0.1167 -0.0901 -0.0901
2.7500 1.0000 1.1157 -0.1157 -0.0884 -0.0884
2.7600 1.0000 1.1147 -0.1147 -0.0867 -0.0867
2.7700 1.0000 1.1137 -0.1137 -0.0850 -0.0850
2.7800 1.0000 1.1127 -0.1127 -0.0833 -0.0833
2.7900 1.0000 1.1117 -0.1117 -0.0817 -0.0817
2.8000 1.0000 1.1107 -0.1107 -0.0801 -0.0801
2.8100 1.0000 1.1097 -0.1097 -0.0785 -0.0785
2.8200 1.0000 1.1087 -0.1087 -0.0769 -0.0769
2.8300 1.0000 1.1077 -0.1077 -0.0751 -0.0751
2.8400 1.0000 1.1068 -0.1068 -0.0731 -0.0731
2.8500 1.0000 1.1058 -0.1058 -0.0711 -0.0711
2.8600 1.0000 1.1048 -0.1048 -0.0692 -0.0692
2.8700 1.0000 1.1038 -0.1038 -0.0676 -0.0676
2.8800 1.0000 1.1029 -0.1029 -0.0664 -0.0664
2.8900 1.0000 1.1019 -0.1019 -0.0652 -0.0652
2.9000 1.0000 1.1010 -0.1010 -0.0640 -0.0640
2.9100 1.0000 1.1000 -0.1000 -0.0629 -0.0629
2.9200 1.0000 1.0991 -0.0991 -0.0617 -0.0617
2.9300 1.0000 1.0982 -0.0982 -0.0606 -0.0606
2.9400 1.0000 1.0972 -0.0972 -0.0595 -0.0595
2.9500 1.0000 1.0963 -0.0963 -0.0583 -0.0583
2.9600 1.0000 1.0954 -0.0954 -0.0573 -0.0573
2.9700 1.0000 1.0945 -0.0945 -0.0562 -0.0562
2.9800 1.0000 1.0936 -0.0936 -0.0551 -0.0551
2.9900 1.0000 1.0927 -0.0927 -0.0541 -0.0541
3.0000 1.0000 1.0918 -0.0918 -0.0530 -0.0530
3.0100 1.0000 1.0909 -0.0909 -0.0520 -0.0520
3.0200 1.0000 1.0900 -0.0900 -0.0510 -0.0510
3.0300 1.0000 1.0891 -0.0891 -0.0500 -0.0500
3.0400 1.0000 1.0882 -0.0882 -0.0490 -0.0490
3.0500 1.0000 1.0874 -0.0874 -0.0481 -0.0481
3.0600 1.0000 1.0865 -0.0865 -0.0471 -0.0471
3.0700 1.0000 1.0857 -0.0857 -0.0462 -0.0462
3.0800 1.0000 1.0848 -0.0848 -0.0453 -0.0453
3.0900 1.0000 1.0840 -0.0840 -0.0444 -0.0444
3.1000 1.0000 1.0831 -0.0831 -0.0435 -0.0435
3.1100 1.0000 1.0823 -0.0823 -0.0426 -0.0426
3.1200 1.0000 1.0815 -0.0815 -0.0417 -0.0417
3.1300 1.0000 1.0807 -0.0807 -0.0409 -0.0409
3.1400 1.0000 1.0799 -0.0799 -0.0400 -0.0400
3.1500 1.0000 1.0791 -0.0791 -0.0392 -0.0392
3.1600 1.0000 1.0783 -0.0783 -0.0384 -0.0384
3.1700 1.0000 1.0775 -0.0775 -0.0376 -0.0376
3.1800 1.0000 1.0767 -0.0767 -0.0368 -0.0368
3.1900 1.0000 1.0759 -0.0759 -0.0364 -0.0364
3.2000 1.0000 1.0751 -0.0751 -0.0361 -0.0361
3.2100 1.0000 1.0744 -0.0744 -0.0358 -0.0358
3.2200 1.0000 1.0736 -0.0736 -0.0355 -0.0355
3.2300 1.0000 1.0729 -0.0729 -0.0352 -0.0352
3.2400 1.0000 1.0721 -0.0721 -0.0348 -0.0348
3.2500 1.0000 1.0714 -0.0714 -0.0345 -0.0345
3.2600 1.0000 1.0707 -0.0707 -0.0342 -0.0342
3.2700 1.0000 1.0699 -0.0699 -0.0338 -0.0338
3.2800 1.0000 1.0692 -0.0692 -0.0335 -0.0335
3.2900 1.0000 1.0685 -0.0685 -0.0331 -0.0331
3.3000 1.0000 1.0678 -0.0678 -0.0328 -0.0328
3.3100 1.0000 1.0671 -0.0671 -0.0324 -0.0324
3.3200 1.0000 1.0664 -0.0664 -0.0321 -0.0321
3.3300 1.0000 1.0657 -0.0657 -0.0317 -0.0317
3.3400 1.0000 1.0650 -0.0650 -0.0313 -0.0313
3.3500 1.0000 1.0643 -0.0643 -0.0310 -0.0310
3.3600 1.0000 1.0636 -0.0636 -0.0306 -0.0306
3.3700 1.0000 1.0630 -0.0630 -0.0302 -0.0302
3.3800 1.0000 1.0623 -0.0623 -0.0299 -0.0299
3.3900 1.0000 1.0616 -0.0616 -0.0295 -0.0295
3.4000 1.0000 1.0610 -0.0610 -0.0291 -0.0291
3.4100 1.0000 1.0603 -0.0603 -0.0288 -0.0288
3.4200 1.0000 1.0597 -0.0597 -0.0284 -0.0284
3.4300 1.0000 1.0591 -0.0591 -0.0281 -0.0281
3.4400 1.0000 1.0584 -0.0584 -0.0277 -0.0277
3.4500 1.0000 1.0578 -0.0578 -0.0273 -0.0273
3.4600 1.0000 1.0572 -0.0572 -0.0270 -0.0270
3.4700 1.0000 1.0566 -0.0566 -0.0266 -0.0266
3.4800 1.0000 1.0559 -0.0559 -0.0262 -0.0262
3.4900 1.0000 1.0553 -0.0553 -0.0259 -0.0259
3.5000 1.0000 1.0547 -0.0547 -0.0255 -0.0255
3.5100 1.0000 1.0541 -0.0541 -0.0252 -0.0252
3.5200 1.0000 1.0536 -0.0536 -0.0248 -0.0248
3.5300 1.0000 1.0530 -0.0530 -0.0245 -0.0245
3.5400 1.0000 1.0524 -0.0524 -0.0241 -0.0241
3.5500 1.0000 1.0518 -0.0518 -0.0238 -0.0238
3.5600 1.0000 1.0512 -0.0512 -0.0234 -0.0234
3.5700 1.0000 1.0507 -0.0507 -0.0231 -0.0231
3.5800 1.0000 1.0501 -0.0501 -0.0227 -0.0227
3.5900 1.0000 1.0496 -0.0496 -0.0224 -0.0224
3.6000 1.0000 1.0490 -0.0490 -0.0221 -0.0221
3.6100 1.0000 1.0485 -0.0485 -0.0217 -0.0217
3.6200 1.0000 1.0479 -0.0479 -0.0214 -0.0214
3.6300 1.0000 1.0474 -0.0474 -0.0211 -0.0211
3.6400 1.0000 1.0468 -0.0468 -0.0208 -0.0208
3.6500 1.0000 1.0463 -0.0463 -0.0204 -0.0204
3.6600 1.0000 1.0458 -0.0458 -0.0201 -0.0201
3.6700 1.0000 1.0453 -0.0453 -0.0198 -0.0198
3.6800 1.0000 1.0448 -0.0448 -0.0195 -0.0195
3.6900 1.0000 1.0443 -0.0443 -0.0192 -0.0192
3.7000 1.0000 1.0438 -0.0438 -0.0189 -0.0189
3.7100 1.0000 1.0433 -0.0433 -0.0186 -0.0186
3.7200 1.0000 1.0428 -0.0428 -0.0183 -0.0183
3.7300 1.0000 1.0423 -0.0423 -0.0180 -0.0180
3.7400 1.0000 1.0418 -0.0418 -0.0177 -0.0177
3.7500 1.0000 1.0413 -0.0413 -0.0174 -0.0174
3.7600 1.0000 1.0408 -0.0408 -0.0171 -0.0171
3.7700 1.0000 1.0404 -0.0404 -0.0168 -0.0168
3.7800 1.0000 1.0399 -0.0399 -0.0165 -0.0165
3.7900 1.0000 1.0394 -0.0394 -0.0162 -0.0162
3.8000 1.0000 1.0390 -0.0390 -0.0160 -0.0160
3.8100 1.0000 1.0385 -0.0385 -0.0157 -0.0157
3.8200 1.0000 1.0381 -0.0381 -0.0154 -0.0154
3.8300 1.0000 1.0376 -0.0376 -0.0152 -0.0152
3.8400 1.0000 1.0372 -0.0372 -0.0149 -0.0149
3.8500 1.0000 1.0367 -0.0367 -0.0146 -0.0146
3.8600 1.0000 1.0363 -0.0363 -0.0144 -0.0144
3.8700 1.0000 1.0359 -0.0359 -0.0141 -0.0141
3.8800 1.0000 1.0354 -0.0354 -0.0139 -0.0139
3.8900 1.0000 1.0350 -0.0350 -0.0136 -0.0136
3.9000 1.0000 1.0346 -0.0346 -0.0134 -0.0134
3.9100 1.0000 1.0342 -0.0342 -0.0131 -0.0131
3.9200 1.0000 1.0338 -0.0338 -0.0129 -0.0129
3.9300 1.0000 1.0334 -0.0334 -0.0127 -0.0127
3.9400 1.0000 1.0330 -0.0330 -0.0124 -0.0124
3.9500 1.0000 1.0326 -0.0326 -0.0122 -0.0122
3.9600 1.0000 1.0322 -0.0322 -0.0120 -0.0120
3.9700 1.0000 1.0318 -0.0318 -0.0117 -0.0117
3.9800 1.0000 1.0314 -0.0314 -0.0115 -0.0115
3.9900 1.0000 1.0310 -0.0310 -0.0113 -0.0113
4.0000 1.0000 1.0307 -0.0307 -0.0111 -0.0111
4.0100 1.0000 1.0303 -0.0303 -0.0108 -0.0108
4.0200 1.0000 1.0299 -0.0299 -0.0106 -0.0106
4.0300 1.0000 1.0296 -0.0296 -0.0103 -0.0103
4.0400 1.0000 1.0292 -0.0292 -0.0101 -0.0101
4.0500 1.0000 1.0289 -0.0289 -0.0099 -0.0099
4.0600 1.0000 1.0285 -0.0285 -0.0096 -0.0096
4.0700 1.0000 1.0281 -0.0281 -0.0094 -0.0094
4.0800 1.0000 1.0278 -0.0278 -0.0092 -0.0092
4.0900 1.0000 1.0275 -0.0275 -0.0090 -0.0090
4.1000 1.0000 1.0271 -0.0271 -0.0088 -0.0088
4.1100 1.0000 1.0268 -0.0268 -0.0085 -0.0085
4.1200 1.0000 1.0265 -0.0265 -0.0083 -0.0083
4.1300 1.0000 1.0261 -0.0261 -0.0081 -0.0081
4.1400 1.0000 1.0258 -0.0258 -0.0080 -0.0080
4.1500 1.0000 1.0255 -0.0255 -0.0078 -0.0078
4.1600 1.0000 1.0252 -0.0252 -0.0076 -0.0076
4.1700 1.0000 1.0249 -0.0249 -0.0074 -0.0074
4.1800 1.0000 1.0245 -0.0245 -0.0072 -0.0072
4.1900 1.0000 1.0242 -0.0242 -0.0070 -0.0070
4.2000 1.0000 1.0239 -0.0239 -0.0069 -0.0069
4.2100 1.0000 1.0236 -0.0236 -0.0067 -0.0067
4.2200 1.0000 1.0233 -0.0233 -0.0065 -0.0065
4.2300 1.0000 1.0231 -0.0231 -0.0064 -0.0064
4.2400 1.0000 1.0228 -0.0228 -0.0062 -0.0062
4.2500 1.0000 1.0225 -0.0225 -0.0061 -0.0061
4.2600 1.0000 1.0222 -0.0222 -0.0059 -0.0059
4.2700 1.0000 1.0219 -0.0219 -0.0058 -0.0058
4.2800 1.0000 1.0216 -0.0216 -0.0056 -0.0056
4.2900 1.0000 1.0214 -0.0214 -0.0055 -0.0055
4.3000 1.0000 1.0211 -0.0211 -0.0054 -0.0054
4.3100 1.0000 1.0208 -0.0208 -0.0052 -0.0052
4.3200 1.0000 1.0206 -0.0206 -0.0051 -0.0051
4.3300 1.0000 1.0203 -0.0203 -0.0050 -0.0050
4.3400 1.0000 1.0201 -0.0201 -0.0048 -0.0048
4.3500 1.0000 1.0198 -0.0198 -0.0047 -0.0047
4.3600 1.0000 1.0195 -0.0195 -0.0046 -0.0046
4.3700 1.0000 1.0193 -0.0193 -0.0045 -0.0045
4.3800 1.0000 1.0191 -0.0191 -0.0045 -0.0045
4.3900 1.0000 1.0188 -0.0188 -0.0045 -0.0045
4.4000 1.0000 1.0186 -0.0186 -0.0045 -0.0045
4.4100 1.0000 1.0183 -0.0183 -0.0044 -0.0044
4.4200 1.0000 1.0181 -0.0181 -0.0044 -0.0044
4.4300 1.0000 1.0179 -0.0179 -0.0044 -0.0044
4.4400 1.0000 1.0176 -0.0176 -0.0043 -0.0043
4.4500 1.0000 1.0174 -0.0174 -0.0043 -0.0043
4.4600 1.0000 1.0172 -0.0172 -0.0043 -0.0043
4.4700 1.0000 1.0170 -0.0170 -0.0042 -0.0042
4.4800 1.0000 1.0168 -0.0168 -0.0042 -0.0042
4.4900 1.0000 1.0165 -0.0165 -0.0042 -0.0042
4.5000 1.0000 1.0163 -0.0163 -0.0041 -0.0041
4.5100 1.0000 1.0161 -0.0161 -0.0041 -0.0041
4.5200 1.0000 1.0159 -0.0159 -0.0040 -0.0040
4.5300 1.0000 1.0157 -0.0157 -0.0040 -0.0040
4.5400 1.0000 1.0155 -0.0155 -0.0040 -0.0040
4.5500 1.0000 1.0153 -0.0153 -0.0039 -0.0039
4.5600 1.0000 1.0151 -0.0151 -0.0039 -0.0039
4.5700 1.0000 1.0149 -0.0149 -0.0038 -0.0038
4.5800 1.0000 1.0147 -0.0147 -0.0038 -0.0038
4.5900 1.0000 1.0145 -0.0145 -0.0037 -0.0037
4.6000 1.0000 1.0143 -0.0143 -0.0037 -0.0037
4.6100 1.0000 1.0142 -0.0142 -0.0036 -0.0036
4.6200 1.0000 1.0140 -0.0140 -0.0036 -0.0036
4.6300 1.0000 1.0138 -0.0138 -0.0036 -0.0036
4.6400 1.0000 1.0136 -0.0136 -0.0035 -0.0035
4.6500 1.0000 1.0134 -0.0134 -0.0035 -0.0035
4.6600 1.0000 1.0132 -0.0132 -0.0034 -0.0034
4.6700 1.0000 1.0131 -0.0131 -0.0034 -0.0034
4.6800 1.0000 1.0129 -0.0129 -0.0033 -0.0033
4.6900 1.0000 1.0127 -0.0127 -0.0033 -0.0033
4.7000 1.0000 1.0126 -0.0126 -0.0032 -0.0032
4.7100 1.0000 1.0124 -0.0124 -0.0032 -0.0032
4.7200 1.0000 1.0122 -0.0122 -0.0031 -0.0031
4.7300 1.0000 1.0121 -0.0121 -0.0031 -0.0031
4.7400 1.0000 1.0119 -0.0119 -0.0030 -0.0030
4.7500 1.0000 1.0118 -0.0118 -0.0030 -0.0030
4.7600 1.0000 1.0116 -0.0116 -0.0029 -0.0029
4.7700 1.0000 1.0114 -0.0114 -0.0029 -0.0029
4.7800 1.0000 1.0113 -0.0113 -0.0029 -0.0029
4.7900 1.0000 1.0111 -0.0111 -0.0028 -0.0028
4.8000 1.0000 1.0110 -0.0110 -0.0028 -0.0028
4.8100 1.0000 1.0108 -0.0108 -0.0027 -0.0027
4.8200 1.0000 1.0107 -0.0107 -0.0027 -0.0027
4.8300 1.0000 1.0105 -0.0105 -0.0026 -0.0026
4.8400 1.0000 1.0104 -0.0104 -0.0026 -0.0026
4.8500 1.0000 1.0103 -0.0103 -0.0025 -0.0025
4.8600 1.0000 1.0101 -0.0101 -0.0025 -0.0025
4.8700 1.0000 1.0100 -0.0100 -0.0025 -0.0025
4.8800 1.0000 1.0098 -0.0098 -0.0024 -0.0024
4.8900 1.0000 1.0097 -0.0097 -0.0024 -0.0024
4.9000 1.0000 1.0096 -0.0096 -0.0023 -0.0023
4.9100 1.0000 1.0094 -0.0094 -0.0023 -0.0023
4.9200 1.0000 1.0093 -0.0093 -0.0022 -0.0022
4.9300 1.0000 1.0092 -0.0092 -0.0022 -0.0022
4.9400 1.0000 1.0091 -0.0091 -0.0022 -0.0022
4.9500 1.0000 1.0089 -0.0089 -0.0021 -0.0021
4.9600 1.0000 1.0088 -0.0088 -0.0021 -0.0021
4.9700 1.0000 1.0087 -0.0087 -0.0020 -0.0020
4.9800 1.0000 1.0086 -0.0086 -0.0020 -0.0020
4.9900 1.0000 1.0084 -0.0084 -0.0020 -0.0020
5.0000 1.0000 1.0083 -0.0083 -0.0019 -0.0019
5.0100 1.0000 1.0082 -0.0082 -0.0019 -0.0019
5.0200 1.0000 1.0081 -0.0081 -0.0019 -0.0019
5.0300 1.0000 1.0080 -0.0080 -0.0018 -0.0018
5.0400 1.0000 1.0079 -0.0079 -0.0018 -0.0018
5.0500 1.0000 1.0078 -0.0078 -0.0017 -0.0017
5.0600 1.0000 1.0077 -0.0077 -0.0017 -0.0017
5.0700 1.0000 1.0075 -0.0075 -0.0017 -0.0017
5.0800 1.0000 1.0074 -0.0074 -0.0016 -0.0016
5.0900 1.0000 1.0073 -0.0073 -0.0016 -0.0016
5.1000 1.0000 1.0072 -0.0072 -0.0016 -0.0016
5.1100 1.0000 1.0071 -0.0071 -0.0015 -0.0015
5.1200 1.0000 1.0070 -0.0070 -0.0015 -0.0015
5.1300 1.0000 1.0069 -0.0069 -0.0015 -0.0015
5.1400 1.0000 1.0068 -0.0068 -0.0014 -0.0014
5.1500 1.0000 1.0067 -0.0067 -0.0014 -0.0014
5.1600 1.0000 1.0066 -0.0066 -0.0014 -0.0014
5.1700 1.0000 1.0065 -0.0065 -0.0014 -0.0014
5.1800 1.0000 1.0064 -0.0064 -0.0013 -0.0013
5.1900 1.0000 1.0063 -0.0063 -0.0013 -0.0013
5.2000 1.0000 1.0062 -0.0062 -0.0013 -0.0013
5.2100 1.0000 1.0062 -0.0062 -0.0012 -0.0012
5.2200 1.0000 1.0061 -0.0061 -0.0012 -0.0012
5.2300 1.0000 1.0060 -0.0060 -0.0012 -0.0012
5.2400 1.0000 1.0059 -0.0059 -0.0011 -0.0011
5.2500 1.0000 1.0058 -0.0058 -0.0011 -0.0011
5.2600 1.0000 1.0057 -0.0057 -0.0011 -0.0011
5.2700 1.0000 1.0056 -0.0056 -0.0011 -0.0011
5.2800 1.0000 1.0055 -0.0055 -0.0010 -0.0010
5.2900 1.0000 1.0055 -0.0055 -0.0010 -0.0010
5.3000 1.0000 1.0054 -0.0054 -0.0010 -0.0010
5.3100 1.0000 1.0053 -0.0053 -0.0010 -0.0010
5.3200 1.0000 1.0052 -0.0052 -0.0009 -0.0009
5.3300 1.0000 1.0051 -0.0051 -0.0009 -0.0009
5.3400 1.0000 1.0051 -0.0051 -0.0009 -0.0009
5.3500 1.0000 1.0050 -0.0050 -0.0009 -0.0009
5.3600 1.0000 1.0049 -0.0049 -0.0008 -0.0008
5.3700 1.0000 1.0048 -0.0048 -0.0008 -0.0008
5.3800 1.0000 1.0048 -0.0048 -0.0008 -0.0008
5.3900 1.0000 1.0047 -0.0047 -0.0008 -0.0008
5.4000 1.0000 1.0046 -0.0046 -0.0007 -0.0007
5.4100 1.0000 1.0045 -0.0045 -0.0007 -0.0007
5.4200 1.0000 1.0045 -0.0045 -0.0007 -0.0007
5.4300 1.0000 1.0044 -0.0044 -0.0007 -0.0007
5.4400 1.0000 1.0043 -0.0043 -0.0007 -0.0007
5.4500 1.0000 1.0043 -0.0043 -0.0006 -0.0006
5.4600 1.0000 1.0042 -0.0042 -0.0006 -0.0006
5.4700 1.0000 1.0041 -0.0041 -0.0006 -0.0006
5.4800 1.0000 1.0041 -0.0041 -0.0006 -0.0006
5.4900 1.0000 1.0040 -0.0040 -0.0006 -0.0006
5.5000 1.0000 1.0040 -0.0040 -0.0005 -0.0005
5.5100 1.0000 1.0039 -0.0039 -0.0005 -0.0005
5.5200 1.0000 1.0038 -0.0038 -0.0005 -0.0005
5.5300 1.0000 1.0038 -0.0038 -0.0005 -0.0005
5.5400 1.0000 1.0037 -0.0037 -0.0005 -0.0005
5.5500 1.0000 1.0036 -0.0036 -0.0005 -0.0005
5.5600 1.0000 1.0036 -0.0036 -0.0004 -0.0004
5.5700 1.0000 1.0035 -0.0035 -0.0004 -0.0004
5.5800 1.0000 1.0035 -0.0035 -0.0004 -0.0004
5.5900 1.0000 1.0034 -0.0034 -0.0004 -0.0004
5.6000 1.0000 1.0034 -0.0034 -0.0004 -0.0004
5.6100 1.0000 1.0033 -0.0033 -0.0004 -0.0004
5.6200 1.0000 1.0033 -0.0033 -0.0003 -0.0003
5.6300 1.0000 1.0032 -0.0032 -0.0003 -0.0003
5.6400 1.0000 1.0032 -0.0032 -0.0003 -0.0003
5.6500 1.0000 1.0031 -0.0031 -0.0003 -0.0003
5.6600 1.0000 1.0031 -0.0031 -0.0003 -0.0003
5.6700 1.0000 1.0030 -0.0030 -0.0003 -0.0003
5.6800 1.0000 1.0030 -0.0030 -0.0003 -0.0003
5.6900 1.0000 1.0029 -0.0029 -0.0002 -0.0002
5.7000 1.0000 1.0029 -0.0029 -0.0002 -0.0002
5.7100 1.0000 1.0028 -0.0028 -0.0002 -0.0002
5.7200 1.0000 1.0028 -0.0028 -0.0002 -0.0002
5.7300 1.0000 1.0027 -0.0027 -0.0002 -0.0002
5.7400 1.0000 1.0027 -0.0027 -0.0002 -0.0002
5.7500 1.0000 1.0026 -0.0026 -0.0002 -0.0002
5.7600 1.0000 1.0026 -0.0026 -0.0002 -0.0002
5.7700 1.0000 1.0025 -0.0025 -0.0001 -0.0001
5.7800 1.0000 1.0025 -0.0025 -0.0001 -0.0001
5.7900 1.0000 1.0024 -0.0024 -0.0001 -0.0001
5.8000 1.0000 1.0024 -0.0024 -0.0001 -0.0001
5.8100 1.0000 1.0024 -0.0024 -0.0001 -0.0001
5.8200 1.0000 1.0023 -0.0023 -0.0001 -0.0001
5.8300 1.0000 1.0023 -0.0023 -0.0001 -0.0001
5.8400 1.0000 1.0022 -0.0022 -0.0001 -0.0001
5.8500 1.0000 1.0022 -0.0022 -0.0001 -0.0001
5.8600 1.0000 1.0022 -0.0022 -0.0000 -0.0000
5.8700 1.0000 1.0021 -0.0021 -0.0000 -0.0000
5.8800 1.0000 1.0021 -0.0021 -0.0000 -0.0000
5.8900 1.0000 1.0021 -0.0021 -0.0000 -0.0000
5.9000 1.0000 1.0020 -0.0020 -0.0000 -0.0000
5.9100 1.0000 1.0020 -0.0020 -0.0000 -0.0000
5.9200 1.0000 1.0019 -0.0019 0.0000 0.0000
5.9300 1.0000 1.0019 -0.0019 0.0000 0.0000
5.9400 1.0000 1.0019 -0.0019 0.0000 0.0000
5.9500 1.0000 1.0018 -0.0018 0.0000 0.0000
5.9600 1.0000 1.0018 -0.0018 0.0000 0.0000
5.9700 1.0000 1.0018 -0.0018 0.0000 0.0000
5.9800 1.0000 1.0017 -0.0017 0.0001 0.0001
5.9900 1.0000 1.0017 -0.0017 0.0001 0.0001
6.0000 1.0000 1.0017 -0.0017 0.0001 0.0001
6.0100 1.0000 1.0017 -0.0017 0.0001 0.0001
6.0200 1.0000 1.0016 -0.0016 0.0001 0.0001
6.0300 1.0000 1.0016 -0.0016 0.0001 0.0001
6.0400 1.0000 1.0016 -0.0016 0.0001 0.0001
6.0500 1.0000 1.0015 -0.0015 0.0001 0.0001
6.0600 1.0000 1.0015 -0.0015 0.0001 0.0001
6.0700 1.0000 1.0015 -0.0015 0.0001 0.0001
6.0800 1.0000 1.0015 -0.0015 0.0001 0.0001
6.0900 1.0000 1.0014 -0.0014 0.0001 0.0001
6.1000 1.0000 1.0014 -0.0014 0.0001 0.0001
6.1100 1.0000 1.0014 -0.0014 0.0001 0.0001
6.1200 1.0000 1.0013 -0.0013 0.0001 0.0001
6.1300 1.0000 1.0013 -0.0013 0.0001 0.0001
6.1400 1.0000 1.0013 -0.0013 0.0001 0.0001
6.1500 1.0000 1.0013 -0.0013 0.0002 0.0002
6.1600 1.0000 1.0012 -0.0012 0.0002 0.0002
6.1700 1.0000 1.0012 -0.0012 0.0002 0.0002
6.1800 1.0000 1.0012 -0.0012 0.0002 0.0002
6.1900 1.0000 1.0012 -0.0012 0.0002 0.0002
6.2000 1.0000 1.0011 -0.0011 0.0002 0.0002
6.2100 1.0000 1.0011 -0.0011 0.0002 0.0002
6.2200 1.0000 1.0011 -0.0011 0.0002 0.0002
6.2300 1.0000 1.0011 -0.0011 0.0002 0.0002
6.2400 1.0000 1.0011 -0.0011 0.0002 0.0002
6.2500 1.0000 1.0010 -0.0010 0.0002 0.0002
6.2600 1.0000 1.0010 -0.0010 0.0002 0.0002
6.2700 1.0000 1.0010 -0.0010 0.0002 0.0002
6.2800 1.0000 1.0010 -0.0010 0.0002 0.0002
6.2900 1.0000 1.0010 -0.0010 0.0002 0.0002
6.3000 1.0000 1.0009 -0.0009 0.0002 0.0002
6.3100 1.0000 1.0009 -0.0009 0.0002 0.0002
6.3200 1.0000 1.0009 -0.0009 0.0002 0.0002
6.3300 1.0000 1.0009 -0.0009 0.0002 0.0002
6.3400 1.0000 1.0009 -0.0009 0.0002 0.0002
6.3500 1.0000 1.0008 -0.0008 0.0002 0.0002
6.3600 1.0000 1.0008 -0.0008 0.0002 0.0002
6.3700 1.0000 1.0008 -0.0008 0.0002 0.0002
6.3800 1.0000 1.0008 -0.0008 0.0002 0.0002
6.3900 1.0000 1.0008 -0.0008 0.0002 0.0002
6.4000 1.0000 1.0008 -0.0008 0.0002 0.0002
6.4100 1.0000 1.0007 -0.0007 0.0002 0.0002
6.4200 1.0000 1.0007 -0.0007 0.0002 0.0002
6.4300 1.0000 1.0007 -0.0007 0.0002 0.0002
6.4400 1.0000 1.0007 -0.0007 0.0002 0.0002
6.4500 1.0000 1.0007 -0.0007 0.0002 0.0002
6.4600 1.0000 1.0007 -0.0007 0.0002 0.0002
6.4700 1.0000 1.0006 -0.0006 0.0002 0.0002
6.4800 1.0000 1.0006 -0.0006 0.0002 0.0002
6.4900 1.0000 1.0006 -0.0006 0.0002 0.0002
6.5000 1.0000 1.0006 -0.0006 0.0002 0.0002
6.5100 1.0000 1.0006 -0.0006 0.0002 0.0002
6.5200 1.0000 1.0006 -0.0006 0.0002 0.0002
6.5300 1.0000 1.0006 -0.0006 0.0002 0.0002
6.5400 1.0000 1.0005 -0.0005 0.0002 0.0002
6.5500 1.0000 1.0005 -0.0005 0.0002 0.0002
6.5600 1.0000 1.0005 -0.0005 0.0003 0.0003
6.5700 1.0000 1.0005 -0.0005 0.0003 0.0003
6.5800 1.0000 1.0005 -0.0005 0.0003 0.0003
6.5900 1.0000 1.0005 -0.0005 0.0003 0.0003
6.6000 1.0000 1.0005 -0.0005 0.0003 0.0003
6.6100 1.0000 1.0005 -0.0005 0.0003 0.0003
6.6200 1.0000 1.0004 -0.0004 0.0003 0.0003
6.6300 1.0000 1.0004 -0.0004 0.0003 0.0003
6.6400 1.0000 1.0004 -0.0004 0.0003 0.0003
6.6500 1.0000 1.0004 -0.0004 0.0003 0.0003
6.6600 1.0000 1.0004 -0.0004 0.0003 0.0003
6.6700 1.0000 1.0004 -0.0004 0.0003 0.0003
6.6800 1.0000 1.0004 -0.0004 0.0003 0.0003
6.6900 1.0000 1.0004 -0.0004 0.0003 0.0003
6.7000 1.0000 1.0004 -0.0004 0.0003 0.0003
6.7100 1.0000 1.0004 -0.0004 0.0003 0.0003
6.7200 1.0000 1.0003 -0.0003 0.0003 0.0003
6.7300 1.0000 1.0003 -0.0003 0.0003 0.0003
6.7400 1.0000 1.0003 -0.0003 0.0003 0.0003
6.7500 1.0000 1.0003 -0.0003 0.0003 0.0003
6.7600 1.0000 1.0003 -0.0003 0.0003 0.0003
6.7700 1.0000 1.0003 -0.0003 0.0003 0.0003
6.7800 1.0000 1.0003 -0.0003 0.0003 0.0003
6.7900 1.0000 1.0003 -0.0003 0.0003 0.0003
6.8000 1.0000 1.0003 -0.0003 0.0003 0.0003
6.8100 1.0000 1.0003 -0.0003 0.0003 0.0003
6.8200 1.0000 1.0003 -0.0003 0.0003 0.0003
6.8300 1.0000 1.0002 -0.0002 0.0003 0.0003
6.8400 1.0000 1.0002 -0.0002 0.0003 0.0003
6.8500 1.0000 1.0002 -0.0002 0.0003 0.0003
6.8600 1.0000 1.0002 -0.0002 0.0003 0.0003
6.8700 1.0000 1.0002 -0.0002 0.0002 0.0002
6.8800 1.0000 1.0002 -0.0002 0.0002 0.0002
6.8900 1.0000 1.0002 -0.0002 0.0002 0.0002
6.9000 1.0000 1.0002 -0.0002 0.0002 0.0002
6.9100 1.0000 1.0002 -0.0002 0.0002 0.0002
6.9200 1.0000 1.0002 -0.0002 0.0002 0.0002
6.9300 1.0000 1.0002 -0.0002 0.0002 0.0002
6.9400 1.0000 1.0002 -0.0002 0.0002 0.0002
6.9500 1.0000 1.0002 -0.0002 0.0002 0.0002
6.9600 1.0000 1.0002 -0.0002 0.0002 0.0002
6.9700 1.0000 1.0002 -0.0002 0.0002 0.0002
6.9800 1.0000 1.0001 -0.0001 0.0002 0.0002
6.9900 1.0000 1.0001 -0.0001 0.0002 0.0002
7.0000 1.0000 1.0001 -0.0001 0.0002 0.0002
7.0100 1.0000 1.0001 -0.0001 0.0002 0.0002
7.0200 1.0000 1.0001 -0.0001 0.0002 0.0002
7.0300 1.0000 1.0001 -0.0001 0.0002 0.0002
7.0400 1.0000 1.0001 -0.0001 0.0002 0.0002
7.0500 1.0000 1.0001 -0.0001 0.0002 0.0002
7.0600 1.0000 1.0001 -0.0001 0.0002 0.0002
7.0700 1.0000 1.0001 -0.0001 0.0002 0.0002
7.0800 1.0000 1.0001 -0.0001 0.0002 0.0002
7.0900 1.0000 1.0001 -0.0001 0.0002 0.0002
7.1000 1.0000 1.0001 -0.0001 0.0002 0.0002
7.1100 1.0000 1.0001 -0.0001 0.0002 0.0002
7.1200 1.0000 1.0001 -0.0001 0.0002 0.0002
7.1300 1.0000 1.0001 -0.0001 0.0002 0.0002
7.1400 1.0000 1.0001 -0.0001 0.0002 0.0002
7.1500 1.0000 1.0001 -0.0001 0.0002 0.0002
7.1600 1.0000 1.0001 -0.0001 0.0002 0.0002
7.1700 1.0000 1.0001 -0.0001 0.0002 0.0002
7.1800 1.0000 1.0001 -0.0001 0.0002 0.0002
7.1900 1.0000 1.0000 -0.0000 0.0002 0.0002
7.2000 1.0000 1.0000 -0.0000 0.0002 0.0002
7.2100 1.0000 1.0000 -0.0000 0.0002 0.0002
7.2200 1.0000 1.0000 -0.0000 0.0002 0.0002
7.2300 1.0000 1.0000 -0.0000 0.0002 0.0002
7.2400 1.0000 1.0000 -0.0000 0.0002 0.0002
7.2500 1.0000 1.0000 -0.0000 0.0002 0.0002
7.2600 1.0000 1.0000 -0.0000 0.0002 0.0002
7.2700 1.0000 1.0000 -0.0000 0.0002 0.0002
7.2800 1.0000 1.0000 -0.0000 0.0002 0.0002
7.2900 1.0000 1.0000 -0.0000 0.0002 0.0002
7.3000 1.0000 1.0000 -0.0000 0.0002 0.0002
7.3100 1.0000 1.0000 -0.0000 0.0002 0.0002
7.3200 1.0000 1.0000 -0.0000 0.0002 0.0002
7.3300 1.0000 1.0000 -0.0000 0.0002 0.0002
7.3400 1.0000 1.0000 -0.0000 0.0002 0.0002
7.3500 1.0000 1.0000 0.0000 0.0002 0.0002
7.3600 1.0000 1.0000 0.0000 0.0002 0.0002
7.3700 1.0000 1.0000 0.0000 0.0002 0.0002
7.3800 1.0000 1.0000 0.0000 0.0002 0.0002
7.3900 1.0000 1.0000 0.0000 0.0002 0.0002
7.4000 1.0000 1.0000 0.0000 0.0002 0.0002
7.4100 1.0000 1.0000 0.0000 0.0002 0.0002
7.4200 1.0000 1.0000 0.0000 0.0002 0.0002
7.4300 1.0000 1.0000 0.0000 0.0002 0.0002
7.4400 1.0000 1.0000 0.0000 0.0002 0.0002
7.4500 1.0000 1.0000 0.0000 0.0002 0.0002
7.4600 1.0000 1.0000 0.0000 0.0002 0.0002
7.4700 1.0000 1.0000 0.0000 0.0002 0.0002
7.4800 1.0000 1.0000 0.0000 0.0002 0.0002
7.4900 1.0000 1.0000 0.0000 0.0002 0.0002
7.5000 1.0000 1.0000 0.0000 0.0002 0.0002
7.5100 1.0000 1.0000 0.0000 0.0002 0.0002
7.5200 1.0000 1.0000 0.0000 0.0002 0.0002
7.5300 1.0000 1.0000 0.0000 0.0002 0.0002
7.5400 1.0000 1.0000 0.0000 0.0002 0.0002
7.5500 1.0000 1.0000 0.0000 0.0002 0.0002
7.5600 1.0000 1.0000 0.0000 0.0002 0.0002
7.5700 1.0000 1.0000 0.0000 0.0002 0.0002
7.5800 1.0000 1.0000 0.0000 0.0002 0.0002
7.5900 1.0000 1.0000 0.0000 0.0002 0.0002
7.6000 1.0000 1.0000 0.0000 0.0002 0.0002
7.6100 1.0000 1.0000 0.0000 0.0002 0.0002
7.6200 1.0000 1.0000 0.0000 0.0002 0.0002
7.6300 1.0000 0.9999 0.0001 0.0002 0.0002
7.6400 1.0000 0.9999 0.0001 0.0002 0.0002
7.6500 1.0000 0.9999 0.0001 0.0002 0.0002
7.6600 1.0000 0.9999 0.0001 0.0002 0.0002
7.6700 1.0000 0.9999 0.0001 0.0002 0.0002
7.6800 1.0000 0.9999 0.0001 0.0002 0.0002
7.6900 1.0000 0.9999 0.0001 0.0001 0.0001
7.7000 1.0000 0.9999 0.0001 0.0001 0.0001
7.7100 1.0000 0.9999 0.0001 0.0001 0.0001
7.7200 1.0000 0.9999 0.0001 0.0001 0.0001
7.7300 1.0000 0.9999 0.0001 0.0001 0.0001
7.7400 1.0000 0.9999 0.0001 0.0001 0.0001
7.7500 1.0000 0.9999 0.0001 0.0001 0.0001
7.7600 1.0000 0.9999 0.0001 0.0001 0.0001
7.7700 1.0000 0.9999 0.0001 0.0001 0.0001
7.7800 1.0000 0.9999 0.0001 0.0001 0.0001
7.7900 1.0000 0.9999 0.0001 0.0001 0.0001
7.8000 1.0000 0.9999 0.0001 0.0001 0.0001
7.8100 1.0000 0.9999 0.0001 0.0001 0.0001
7.8200 1.0000 0.9999 0.0001 0.0001 0.0001
7.8300 1.0000 0.9999 0.0001 0.0001 0.0001
7.8400 1.0000 0.9999 0.0001 0.0001 0.0001
7.8500 1.0000 0.9999 0.0001 0.0001 0.0001
7.8600 1.0000 0.9999 0.0001 0.0001 0.0001
7.8700 1.0000 0.9999 0.0001 0.0001 0.0001
7.8800 1.0000 0.9999 0.0001 0.0001 0.0001
7.8900 1.0000 0.9999 0.0001 0.0001 0.0001
7.9000 1.0000 0.9999 0.0001 0.0001 0.0001
7.9100 1.0000 0.9999 0.0001 0.0001 0.0001
7.9200 1.0000 0.9999 0.0001 0.0001 0.0001
7.9300 1.0000 0.9999 0.0001 0.0001 0.0001
7.9400 1.0000 0.9999 0.0001 0.0001 0.0001
7.9500 1.0000 0.9999 0.0001 0.0001 0.0001
7.9600 1.0000 0.9999 0.0001 0.0001 0.0001
7.9700 1.0000 0.9999 0.0001 0.0001 0.0001
7.9800 1.0000 0.9999 0.0001 0.0001 0.0001
7.9900 1.0000 0.9999 0.0001 0.0001 0.0001
8.0000 1.0000 0.9999 0.0001 0.0001 0.0001
8.0100 1.0000 0.9999 0.0001 0.0001 0.0001
8.0200 1.0000 0.9999 0.0001 0.0001 0.0001
8.0300 1.0000 0.9999 0.0001 0.0001 0.0001
8.0400 1.0000 0.9999 0.0001 0.0001 0.0001
8.0500 1.0000 0.9999 0.0001 0.0001 0.0001
8.0600 1.0000 0.9999 0.0001 0.0001 0.0001
8.0700 1.0000 0.9999 0.0001 0.0001 0.0001
8.0800 1.0000 0.9999 0.0001 0.0001 0.0001
8.0900 1.0000 0.9999 0.0001 0.0001 0.0001
8.1000 1.0000 0.9999 0.0001 0.0001 0.0001
8.1100 1.0000 0.9999 0.0001 0.0001 0.0001
8.1200 1.0000 0.9999 0.0001 0.0001 0.0001
8.1300 1.0000 0.9999 0.0001 0.0001 0.0001
8.1400 1.0000 0.9999 0.0001 0.0001 0.0001
8.1500 1.0000 0.9999 0.0001 0.0001 0.0001
8.1600 1.0000 0.9999 0.0001 0.0001 0.0001
8.1700 1.0000 0.9999 0.0001 0.0001 0.0001
8.1800 1.0000 0.9999 0.0001 0.0001 0.0001
8.1900 1.0000 0.9999 0.0001 0.0001 0.0001
8.2000 1.0000 0.9999 0.0001 0.0001 0.0001
8.2100 1.0000 0.9999 0.0001 0.0001 0.0001
8.2200 1.0000 0.9999 0.0001 0.0001 0.0001
8.2300 1.0000 0.9999 0.0001 0.0001 0.0001
8.2400 1.0000 0.9999 0.0001 0.0001 0.0001
8.2500 1.0000 0.9999 0.0001 0.0001 0.0001
8.2600 1.0000 0.9999 0.0001 0.0001 0.0001
8.2700 1.0000 0.9999 0.0001 0.0001 0.0001
8.2800 1.0000 0.9999 0.0001 0.0001 0.0001
8.2900 1.0000 0.9999 0.0001 0.0001 0.0001
8.3000 1.0000 0.9999 0.0001 0.0001 0.0001
8.3100 1.0000 0.9999 0.0001 0.0001 0.0001
8.3200 1.0000 0.9999 0.0001 0.0001 0.0001
8.3300 1.0000 0.9999 0.0001 0.0001 0.0001
8.3400 1.0000 0.9999 0.0001 0.0001 0.0001
8.3500 1.0000 0.9999 0.0001 0.0001 0.0001
8.3600 1.0000 0.9999 0.0001 0.0001 0.0001
8.3700 1.0000 0.9999 0.0001 0.0001 0.0001
8.3800 1.0000 0.9999 0.0001 0.0001 0.0001
8.3900 1.0000 0.9999 0.0001 0.0001 0.0001
8.4000 1.0000 0.9999 0.0001 0.0001 0.0001
8.4100 1.0000 0.9999 0.0001 0.0001 0.0001
8.4200 1.0000 0.9999 0.0001 0.0001 0.0001
8.4300 1.0000 0.9999 0.0001 0.0001 0.0001
8.4400 1.0000 0.9999 0.0001 0.0001 0.0001
8.4500 1.0000 0.9999 0.0001 0.0001 0.0001
8.4600 1.0000 0.9999 0.0001 0.0001 0.0001
8.4700 1.0000 0.9999 0.0001 0.0001 0.0001
8.4800 1.0000 0.9999 0.0001 0.0001 0.0001
8.4900 1.0000 0.9999 0.0001 0.0001 0.0001
8.5000 1.0000 0.9999 0.0001 0.0001 0.0001
8.5100 1.0000 0.9999 0.0001 0.0001 0.0001
8.5200 1.0000 0.9999 0.0001 0.0001 0.0001
8.5300 1.0000 0.9999 0.0001 0.0001 0.0001
8.5400 1.0000 0.9999 0.0001 0.0001 0.0001
8.5500 1.0000 0.9999 0.0001 0.0001 0.0001
8.5600 1.0000 0.9999 0.0001 0.0001 0.0001
8.5700 1.0000 0.9999 0.0001 0.0001 0.0001
8.5800 1.0000 0.9999 0.0001 0.0001 0.0001
8.5900 1.0000 0.9999 0.0001 0.0001 0.0001
8.6000 1.0000 0.9999 0.0001 0.0001 0.0001
8.6100 1.0000 0.9999 0.0001 0.0001 0.0001
8.6200 1.0000 0.9999 0.0001 0.0001 0.0001
8.6300 1.0000 0.9999 0.0001 0.0001 0.0001
8.6400 1.0000 0.9999 0.0001 0.0001 0.0001
8.6500 1.0000 0.9999 0.0001 0.0001 0.0001
8.6600 1.0000 0.9999 0.0001 0.0001 0.0001
8.6700 1.0000 0.9999 0.0001 0.0000 0.0000
8.6800 1.0000 0.9999 0.0001 0.0000 0.0000
8.6900 1.0000 0.9999 0.0001 0.0000 0.0000
8.7000 1.0000 0.9999 0.0001 0.0000 0.0000
8.7100 1.0000 0.9999 0.0001 0.0000 0.0000
8.7200 1.0000 0.9999 0.0001 0.0000 0.0000
8.7300 1.0000 0.9999 0.0001 0.0000 0.0000
8.7400 1.0000 0.9999 0.0001 0.0000 0.0000
8.7500 1.0000 0.9999 0.0001 0.0000 0.0000
8.7600 1.0000 0.9999 0.0001 0.0000 0.0000
8.7700 1.0000 0.9999 0.0001 0.0000 0.0000
8.7800 1.0000 0.9999 0.0001 0.0000 0.0000
8.7900 1.0000 0.9999 0.0001 0.0000 0.0000
8.8000 1.0000 1.0000 0.0000 0.0000 0.0000
8.8100 1.0000 1.0000 0.0000 0.0000 0.0000
8.8200 1.0000 1.0000 0.0000 0.0000 0.0000
8.8300 1.0000 1.0000 0.0000 0.0000 0.0000
8.8400 1.0000 1.0000 0.0000 0.0000 0.0000
8.8500 1.0000 1.0000 0.0000 0.0000 0.0000
8.8600 1.0000 1.0000 0.0000 0.0000 0.0000
8.8700 1.0000 1.0000 0.0000 0.0000 0.0000
8.8800 1.0000 1.0000 0.0000 0.0000 0.0000
8.8900 1.0000 1.0000 0.0000 0.0000 0.0000
8.9000 1.0000 1.0000 0.0000 0.0000 0.0000
8.9100 1.0000 1.0000 0.0000 0.0000 0.0000
8.9200 1.0000 1.0000 0.0000 0.0000 0.0000
8.9300 1.0000 1.0000 0.0000 0.0000 0.0000
8.9400 1.0000 1.0000 0.0000 0.0000 0.0000
8.9500 1.0000 1.0000 0.0000 0.0000 0.0000
8.9600 1.0000 1.0000 0.0000 0.0000 0.0000
8.9700 1.0000 1.0000 0.0000 0.0000 0.0000
8.9800 1.0000 1.0000 0.0000 0.0000 0.0000
8.9900 1.0000 1.0000 0.0000 0.0000 0.0000
9.0000 1.0000 1.0000 0.0000 0.0000 0.0000
9.0100 1.0000 1.0000 0.0000 0.0000 0.0000
9.0200 1.0000 1.0000 0.0000 0.0000 0.0000
9.0300 1.0000 1.0000 0.0000 0.0000 0.0000
9.0400 1.0000 1.0000 0.0000 0.0000 0.0000
9.0500 1.0000 1.0000 0.0000 0.0000 0.0000
9.0600 1.0000 1.0000 0.0000 0.0000 0.0000
9.0700 1.0000 1.0000 0.0000 0.0000 0.0000
9.0800 1.0000 1.0000 0.0000 0.0000 0.0000
9.0900 1.0000 1.0000 0.0000 0.0000 0.0000
9.1000 1.0000 1.0000 0.0000 0.0000 0.0000
9.1100 1.0000 1.0000 0.0000 0.0000 0.0000
9.1200 1.0000 1.0000 0.0000 0.0000 0.0000
9.1300 1.0000 1.0000 0.0000 0.0000 0.0000
9.1400 1.0000 1.0000 0.0000 0.0000 0.0000
9.1500 1.0000 1.0000 0.0000 0.0000 0.0000
9.1600 1.0000 1.0000 0.0000 0.0000 0.0000
9.1700 1.0000 1.0000 0.0000 0.0000 0.0000
9.1800 1.0000 1.0000 0.0000 0.0000 0.0000
9.1900 1.0000 1.0000 0.0000 0.0000 0.0000
9.2000 1.0000 1.0000 0.0000 0.0000 0.0000
9.2100 1.0000 1.0000 0.0000 0.0000 0.0000
9.2200 1.0000 1.0000 0.0000 0.0000 0.0000
9.2300 1.0000 1.0000 0.0000 0.0000 0.0000
9.2400 1.0000 1.0000 0.0000 0.0000 0.0000
9.2500 1.0000 1.0000 0.0000 0.0000 0.0000
9.2600 1.0000 1.0000 0.0000 0.0000 0.0000
9.2700 1.0000 1.0000 0.0000 0.0000 0.0000
9.2800 1.0000 1.0000 0.0000 0.0000 0.0000
9.2900 1.0000 1.0000 0.0000 0.0000 0.0000
9.3000 1.0000 1.0000 0.0000 0.0000 0.0000
9.3100 1.0000 1.0000 0.0000 0.0000 0.0000
9.3200 1.0000 1.0000 0.0000 0.0000 0.0000
9.3300 1.0000 1.0000 0.0000 0.0000 0.0000
9.3400 1.0000 1.0000 0.0000 0.0000 0.0000
9.3500 1.0000 1.0000 0.0000 0.0000 0.0000
9.3600 1.0000 1.0000 0.0000 0.0000 0.0000
9.3700 1.0000 1.0000 0.0000 0.0000 0.0000
9.3800 1.0000 1.0000 0.0000 0.0000 0.0000
9.3900 1.0000 1.0000 0.0000 0.0000 0.0000
9.4000 1.0000 1.0000 0.0000 0.0000 0.0000
9.4100 1.0000 1.0000 0.0000 0.0000 0.0000
9.4200 1.0000 1.0000 0.0000 0.0000 0.0000
9.4300 1.0000 1.0000 0.0000 0.0000 0.0000
9.4400 1.0000 1.0000 0.0000 0.0000 0.0000
9.4500 1.0000 1.0000 0.0000 0.0000 0.0000
9.4600 1.0000 1.0000 0.0000 0.0000 0.0000
9.4700 1.0000 1.0000 0.0000 0.0000 0.0000
9.4800 1.0000 1.0000 0.0000 0.0000 0.0000
9.4900 1.0000 1.0000 0.0000 0.0000 0.0000
9.5000 1.0000 1.0000 0.0000 0.0000 0.0000
9.5100 1.0000 1.0000 0.0000 0.0000 0.0000
9.5200 1.0000 1.0000 0.0000 0.0000 0.0000
9.5300 1.0000 1.0000 0.0000 0.0000 0.0000
9.5400 1.0000 1.0000 0.0000 0.0000 0.0000
9.5500 1.0000 1.0000 0.0000 0.0000 0.0000
9.5600 1.0000 1.0000 0.0000 0.0000 0.0000
9.5700 1.0000 1.0000 0.0000 0.0000 0.0000
9.5800 1.0000 1.0000 0.0000 0.0000 0.0000
9.5900 1.0000 1.0000 0.0000 0.0000 0.0000
9.6000 1.0000 1.0000 0.0000 0.0000 0.0000
9.6100 1.0000 1.0000 0.0000 0.0000 0.0000
9.6200 1.0000 1.0000 0.0000 0.0000 0.0000
9.6300 1.0000 1.0000 0.0000 0.0000 0.0000
9.6400 1.0000 1.0000 0.0000 0.0000 0.0000
9.6500 1.0000 1.0000 0.0000 0.0000 0.0000
9.6600 1.0000 1.0000 0.0000 0.0000 0.0000
9.6700 1.0000 1.0000 0.0000 0.0000 0.0000
9.6800 1.0000 1.0000 0.0000 0.0000 0.0000
9.6900 1.0000 1.0000 0.0000 0.0000 0.0000
9.7000 1.0000 1.0000 0.0000 0.0000 0.0000
9.7100 1.0000 1.0000 0.0000 0.0000 0.0000
9.7200 1.0000 1.0000 0.0000 0.0000 0.0000
9.7300 1.0000 1.0000 0.0000 0.0000 0.0000
9.7400 1.0000 1.0000 0.0000 0.0000 0.0000
9.7500 1.0000 1.0000 0.0000 0.0000 0.0000
9.7600 1.0000 1.0000 0.0000 0.0000 0.0000
9.7700 1.0000 1.0000 0.0000 0.0000 0.0000
9.7800 1.0000 1.0000 0.0000 0.0000 0.0000
9.7900 1.0000 1.0000 0.0000 0.0000 0.0000
9.8000 1.0000 1.0000 0.0000 0.0000 0.0000
9.8100 1.0000 1.0000 0.0000 0.0000 0.0000
9.8200 1.0000 1.0000 0.0000 0.0000 0.0000
9.8300 1.0000 1.0000 0.0000 0.0000 0.0000
9.8400 1.0000 1.0000 0.0000 0.0000 0.0000
9.8500 1.0000 1.0000 0.0000 0.0000 0.0000
9.8600 1.0000 1.0000 0.0000 0.0000 0.0000
9.8700 1.0000 1.0000 0.0000 0.0000 0.0000
9.8800 1.0000 1.0000 0.0000 0.0000 0.0000
9.8900 1.0000 1.0000 0.0000 0.0000 0.0000
9.9000 1.0000 1.0000 0.0000 0.0000 0.0000
9.9100 1.0000 1.0000 0.0000 0.0000 0.0000
9.9200 1.0000 1.0000 0.0000 0.0000 0.0000
9.9300 1.0000 1.0000 0.0000 0.0000 0.0000
9.9400 1.0000 1.0000 0.0000 0.0000 0.0000
9.9500 1.0000 1.0000 0.0000 0.0000 0.0000
9.9600 1.0000 1.0000 0.0000 0.0000 0.0000
9.9700 1.0000 1.0000 0.0000 0.0000 0.0000
9.9800 1.0000 1.0000 0.0000 0.0000 0.0000
9.9900 1.0000 1.0000 0.0000 0.0000 0.0000
10.0000 1.0000 1.0000 0.0000 0.0000 0.0000
10.0100 1.0000 1.0000 0.0000 0.0000 0.0000
