0.0000 1.0000 0.0000 1.0000 2.2489 2.2489
0.0100 1.0000 0.0002 0.9998 2.2115 2.2115
0.0200 1.0000 0.0008 0.9992 2.1730 2.1730
0.0300 1.0000 0.0018 0.9982 2.1349 2.1349
0.0400 1.0000 0.0031 0.9969 2.0972 2.0972
0.0500 1.0000 0.0048 0.9952 2.0601 2.0601
0.0600 1.0000 0.0069 0.9931 2.0233 2.0233
0.0700 1.0000 0.0092 0.9908 1.9871 1.9871
0.0800 1.0000 0.0119 0.9881 1.9512 1.9512
0.0900 1.0000 0.0149 0.9851 1.9158 1.9158
0.1000 1.0000 0.0182 0.9818 1.8809 1.8809
0.1100 1.0000 0.0217 0.9783 1.8464 1.8464
0.1200 1.0000 0.0255 0.9745 1.8124 1.8124
0.1300 1.0000 0.0296 0.9704 1.7788 1.7788
0.1400 1.0000 0.0339 0.9661 1.7456 1.7456
0.1500 1.0000 0.0384 0.9616 1.7129 1.7129
0.1600 1.0000 0.0432 0.9568 1.6806 1.6806
0.1700 1.0000 0.0481 0.9519 1.6488 1.6488
0.1800 1.0000 0.0533 0.9467 1.6174 1.6174
0.1900 1.0000 0.0587 0.9413 1.5864 1.5864
0.2000 1.0000 0.0642 0.9358 1.5558 1.5558
0.2100 1.0000 0.0699 0.9301 1.5256 1.5256
0.2200 1.0000 0.0758 0.9242 1.4959 1.4959
0.2300 1.0000 0.0819 0.9181 1.4666 1.4666
0.2400 1.0000 0.0881 0.9119 1.4377 1.4377
0.2500 1.0000 0.0944 0.9056 1.4092 1.4092
0.2600 1.0000 0.1009 0.8991 1.3811 1.3811
0.2700 1.0000 0.1075 0.8925 1.3535 1.3535
0.2800 1.0000 0.1142 0.8858 1.3262 1.3262
0.2900 1.0000 0.1210 0.8790 1.2993 1.2993
0.3000 1.0000 0.1279 0.8721 1.2728 1.2728
0.3100 1.0000 0.1350 0.8650 1.2468 1.2468
0.3200 1.0000 0.1421 0.8579 1.2211 1.2211
0.3300 1.0000 0.1493 0.8507 1.1958 1.1958
0.3400 1.0000 0.1566 0.8434 1.1708 1.1708
0.3500 1.0000 0.1640 0.8360 1.1463 1.1463
0.3600 1.0000 0.1714 0.8286 1.1221 1.1221
0.3700 1.0000 0.1789 0.8211 1.0983 1.0983
0.3800 1.0000 0.1865 0.8135 1.0749 1.0749
0.3900 1.0000 0.1941 0.8059 1.0518 1.0518
0.4000 1.0000 0.2018 0.7982 1.0291 1.0291
0.4100 1.0000 0.2095 0.7905 1.0068 1.0068
0.4200 1.0000 0.2172 0.7828 0.9848 0.9848
0.4300 1.0000 0.2250 0.7750 0.9631 0.9631
0.4400 1.0000 0.2328 0.7672 0.9418 0.9418
0.4500 1.0000 0.2407 0.7593 0.9209 0.9209
0.4600 1.0000 0.2486 0.7514 0.9003 0.9003
0.4700 1.0000 0.2565 0.7435 0.8800 0.8800
0.4800 1.0000 0.2644 0.7356 0.8601 0.8601
0.4900 1.0000 0.2723 0.7277 0.8405 0.8405
0.5000 1.0000 0.2802 0.7198 0.8212 0.8212
0.5100 1.0000 0.2882 0.7118 0.8022 0.8022
0.5200 1.0000 0.2961 0.7039 0.7836 0.7836
0.5300 1.0000 0.3040 0.6960 0.7652 0.7652
0.5400 1.0000 0.3120 0.6880 0.7472 0.7472
0.5500 1.0000 0.3199 0.6801 0.7295 0.7295
0.5600 1.0000 0.3278 0.6722 0.7121 0.7121
0.5700 1.0000 0.3357 0.6643 0.6950 0.6950
0.5800 1.0000 0.3436 0.6564 0.6782 0.6782
0.5900 1.0000 0.3515 0.6485 0.6617 0.6617
0.6000 1.0000 0.3593 0.6407 0.6455 0.6455
0.6100 1.0000 0.3671 0.6329 0.6296 0.6296
0.6200 1.0000 0.3749 0.6251 0.6139 0.6139
0.6300 1.0000 0.3827 0.6173 0.5985 0.5985
0.6400 1.0000 0.3905 0.6095 0.5835 0.5835
0.6500 1.0000 0.3982 0.6018 0.5686 0.5686
0.6600 1.0000 0.4059 0.5941 0.5541 0.5541
0.6700 1.0000 0.4135 0.5865 0.5398 0.5398
0.6800 1.0000 0.4212 0.5788 0.5258 0.5258
0.6900 1.0000 0.4287 0.5713 0.5120 0.5120
0.7000 1.0000 0.4363 0.5637 0.4985 0.4985
0.7100 1.0000 0.4438 0.5562 0.4853 0.4853
0.7200 1.0000 0.4512 0.5488 0.4723 0.4723
0.7300 1.0000 0.4587 0.5413 0.4595 0.4595
0.7400 1.0000 0.4660 0.5340 0.4470 0.4470
0.7500 1.0000 0.4733 0.5267 0.4347 0.4347
0.7600 1.0000 0.4806 0.5194 0.4227 0.4227
0.7700 1.0000 0.4879 0.5121 0.4108 0.4108
0.7800 1.0000 0.4950 0.5050 0.3993 0.3993
0.7900 1.0000 0.5022 0.4978 0.3879 0.3879
0.8000 1.0000 0.5092 0.4908 0.3768 0.3768
0.8100 1.0000 0.5163 0.4837 0.3659 0.3659
0.8200 1.0000 0.5232 0.4768 0.3552 0.3552
0.8300 1.0000 0.5302 0.4698 0.3447 0.3447
0.8400 1.0000 0.5370 0.4630 0.3344 0.3344
0.8500 1.0000 0.5438 0.4562 0.3243 0.3243
0.8600 1.0000 0.5506 0.4494 0.3145 0.3145
0.8700 1.0000 0.5573 0.4427 0.3048 0.3048
0.8800 1.0000 0.5639 0.4361 0.2954 0.2954
0.8900 1.0000 0.5705 0.4295 0.2861 0.2861
0.9000 1.0000 0.5770 0.4230 0.2770 0.2770
0.9100 1.0000 0.5835 0.4165 0.2681 0.2681
0.9200 1.0000 0.5899 0.4101 0.2594 0.2594
0.9300 1.0000 0.5963 0.4037 0.2509 0.2509
0.9400 1.0000 0.6026 0.3974 0.2426 0.2426
0.9500 1.0000 0.6088 0.3912 0.2344 0.2344
0.9600 1.0000 0.6149 0.3851 0.2264 0.2264
0.9700 1.0000 0.6211 0.3789 0.2186 0.2186
0.9800 1.0000 0.6271 0.3729 0.2110 0.2110
0.9900 1.0000 0.6331 0.3669 0.2035 0.2035
1.0000 1.0000 0.6390 0.3610 0.1962 0.1962
1.0100 1.0000 0.6449 0.3551 0.1891 0.1891
1.0200 1.0000 0.6507 0.3493 0.1821 0.1821
1.0300 1.0000 0.6564 0.3436 0.1752 0.1752
1.0400 1.0000 0.6621 0.3379 0.1686 0.1686
1.0500 1.0000 0.6677 0.3323 0.1620 0.1620
1.0600 1.0000 0.6732 0.3268 0.1556 0.1556
1.0700 1.0000 0.6787 0.3213 0.1494 0.1494
1.0800 1.0000 0.6842 0.3158 0.1433 0.1433
1.0900 1.0000 0.6895 0.3105 0.1374 0.1374
1.1000 1.0000 0.6948 0.3052 0.1316 0.1316
1.1100 1.0000 0.7001 0.2999 0.1259 0.1259
1.1200 1.0000 0.7052 0.2948 0.1204 0.1204
1.1300 1.0000 0.7104 0.2896 0.1150 0.1150
1.1400 1.0000 0.7154 0.2846 0.1097 0.1097
1.1500 1.0000 0.7204 0.2796 0.1045 0.1045
1.1600 1.0000 0.7254 0.2746 0.0995 0.0995
1.1700 1.0000 0.7302 0.2698 0.0946 0.0946
1.1800 1.0000 0.7351 0.2649 0.0898 0.0898
1.1900 1.0000 0.7398 0.2602 0.0852 0.0852
1.2000 1.0000 0.7445 0.2555 0.0806 0.0806
1.2100 1.0000 0.7491 0.2509 0.0762 0.0762
1.2200 1.0000 0.7537 0.2463 0.0719 0.0719
1.2300 1.0000 0.7582 0.2418 0.0677 0.0677
1.2400 1.0000 0.7627 0.2373 0.0636 0.0636
1.2500 1.0000 0.7671 0.2329 0.0596 0.0596
1.2600 1.0000 0.7714 0.2286 0.0557 0.0557
1.2700 1.0000 0.7757 0.2243 0.0519 0.0519
1.2800 1.0000 0.7799 0.2201 0.0482 0.0482
1.2900 1.0000 0.7841 0.2159 0.0446 0.0446
1.3000 1.0000 0.7882 0.2118 0.0411 0.0411
1.3100 1.0000 0.7923 0.2077 0.0377 0.0377
1.3200 1.0000 0.7963 0.2037 0.0344 0.0344
1.3300 1.0000 0.8002 0.1998 0.0312 0.0312
1.3400 1.0000 0.8041 0.1959 0.0281 0.0281
1.3500 1.0000 0.8080 0.1920 0.0251 0.0251
1.3600 1.0000 0.8117 0.1883 0.0221 0.0221
1.3700 1.0000 0.8155 0.1845 0.0193 0.0193
1.3800 1.0000 0.8191 0.1809 0.0165 0.0165
1.3900 1.0000 0.8228 0.1772 0.0138 0.0138
1.4000 1.0000 0.8263 0.1737 0.0112 0.0112
1.4100 1.0000 0.8298 0.1702 0.0086 0.0086
1.4200 1.0000 0.8333 0.1667 0.0062 0.0062
1.4300 1.0000 0.8367 0.1633 0.0038 0.0038
1.4400 1.0000 0.8401 0.1599 0.0014 0.0014
1.4500 1.0000 0.8434 0.1566 -0.0008 -0.0008
1.4600 1.0000 0.8466 0.1534 -0.0030 -0.0030
1.4700 1.0000 0.8498 0.1502 -0.0051 -0.0051
1.4800 1.0000 0.8530 0.1470 -0.0071 -0.0071
1.4900 1.0000 0.8561 0.1439 -0.0091 -0.0091
1.5000 1.0000 0.8592 0.1408 -0.0110 -0.0110
1.5100 1.0000 0.8622 0.1378 -0.0128 -0.0128
1.5200 1.0000 0.8652 0.1348 -0.0146 -0.0146
1.5300 1.0000 0.8681 0.1319 -0.0164 -0.0164
1.5400 1.0000 0.8710 0.1290 -0.0180 -0.0180
1.5500 1.0000 0.8738 0.1262 -0.0196 -0.0196
1.5600 1.0000 0.8766 0.1234 -0.0212 -0.0212
1.5700 1.0000 0.8793 0.1207 -0.0227 -0.0227
1.5800 1.0000 0.8820 0.1180 -0.0241 -0.0241
1.5900 1.0000 0.8846 0.1154 -0.0255 -0.0255
1.6000 1.0000 0.8872 0.1128 -0.0268 -0.0268
1.6100 1.0000 0.8898 0.1102 -0.0281 -0.0281
1.6200 1.0000 0.8923 0.1077 -0.0294 -0.0294
1.6300 1.0000 0.8948 0.1052 -0.0305 -0.0305
1.6400 1.0000 0.8972 0.1028 -0.0317 -0.0317
1.6500 1.0000 0.8996 0.1004 -0.0328 -0.0328
1.6600 1.0000 0.9020 0.0980 -0.0338 -0.0338
1.6700 1.0000 0.9043 0.0957 -0.0348 -0.0348
1.6800 1.0000 0.9066 0.0934 -0.0358 -0.0358
1.6900 1.0000 0.9088 0.0912 -0.0367 -0.0367
1.7000 1.0000 0.9110 0.0890 -0.0376 -0.0376
1.7100 1.0000 0.9132 0.0868 -0.0384 -0.0384
1.7200 1.0000 0.9153 0.0847 -0.0392 -0.0392
1.7300 1.0000 0.9174 0.0826 -0.0400 -0.0400
1.7400 1.0000 0.9194 0.0806 -0.0407 -0.0407
1.7500 1.0000 0.9214 0.0786 -0.0414 -0.0414
1.7600 1.0000 0.9234 0.0766 -0.0420 -0.0420
1.7700 1.0000 0.9253 0.0747 -0.0427 -0.0427
1.7800 1.0000 0.9272 0.0728 -0.0432 -0.0432
1.7900 1.0000 0.9291 0.0709 -0.0438 -0.0438
1.8000 1.0000 0.9309 0.0691 -0.0443 -0.0443
1.8100 1.0000 0.9327 0.0673 -0.0448 -0.0448
1.8200 1.0000 0.9345 0.0655 -0.0453 -0.0453
1.8300 1.0000 0.9362 0.0638 -0.0457 -0.0457
1.8400 1.0000 0.9379 0.0621 -0.0461 -0.0461
1.8500 1.0000 0.9396 0.0604 -0.0465 -0.0465
1.8600 1.0000 0.9412 0.0588 -0.0468 -0.0468
1.8700 1.0000 0.9428 0.0572 -0.0471 -0.0471
1.8800 1.0000 0.9444 0.0556 -0.0474 -0.0474
1.8900 1.0000 0.9460 0.0540 -0.0477 -0.0477
1.9000 1.0000 0.9475 0.0525 -0.0479 -0.0479
1.9100 1.0000 0.9489 0.0511 -0.0481 -0.0481
1.9200 1.0000 0.9504 0.0496 -0.0483 -0.0483
1.9300 1.0000 0.9518 0.0482 -0.0485 -0.0485
1.9400 1.0000 0.9532 0.0468 -0.0487 -0.0487
1.9500 1.0000 0.9546 0.0454 -0.0488 -0.0488
1.9600 1.0000 0.9559 0.0441 -0.0489 -0.0489
1.9700 1.0000 0.9573 0.0427 -0.0490 -0.0490
1.9800 1.0000 0.9586 0.0414 -0.0491 -0.0491
1.9900 1.0000 0.9598 0.0402 -0.0491 -0.0491
2.0000 1.0000 0.9611 0.0389 -0.0492 -0.0492
2.0100 1.0000 0.9623 0.0377 -0.0492 -0.0492
2.0200 1.0000 0.9635 0.0365 -0.0492 -0.0492
2.0300 1.0000 0.9646 0.0354 -0.0491 -0.0491
2.0400 1.0000 0.9658 0.0342 -0.0491 -0.0491
2.0500 1.0000 0.9669 0.0331 -0.0491 -0.0491
2.0600 1.0000 0.9680 0.0320 -0.0490 -0.0490
2.0700 1.0000 0.9690 0.0310 -0.0489 -0.0489
2.0800 1.0000 0.9701 0.0299 -0.0488 -0.0488
2.0900 1.0000 0.9711 0.0289 -0.0487 -0.0487
2.1000 1.0000 0.9721 0.0279 -0.0486 -0.0486
2.1100 1.0000 0.9731 0.0269 -0.0485 -0.0485
2.1200 1.0000 0.9740 0.0260 -0.0483 -0.0483
2.1300 1.0000 0.9750 0.0250 -0.0482 -0.0482
2.1400 1.0000 0.9759 0.0241 -0.0480 -0.0480
2.1500 1.0000 0.9768 0.0232 -0.0478 -0.0478
2.1600 1.0000 0.9776 0.0224 -0.0476 -0.0476
2.1700 1.0000 0.9785 0.0215 -0.0474 -0.0474
2.1800 1.0000 0.9793 0.0207 -0.0472 -0.0472
2.1900 1.0000 0.9802 0.0198 -0.0470 -0.0470
2.2000 1.0000 0.9810 0.0190 -0.0468 -0.0468
2.2100 1.0000 0.9817 0.0183 -0.0466 -0.0466
2.2200 1.0000 0.9825 0.0175 -0.0463 -0.0463
2.2300 1.0000 0.9832 0.0168 -0.0461 -0.0461
2.2400 1.0000 0.9840 0.0160 -0.0458 -0.0458
2.2500 1.0000 0.9847 0.0153 -0.0455 -0.0455
2.2600 1.0000 0.9854 0.0146 -0.0453 -0.0453
2.2700 1.0000 0.9860 0.0140 -0.0450 -0.0450
2.2800 1.0000 0.9867 0.0133 -0.0447 -0.0447
2.2900 1.0000 0.9873 0.0127 -0.0444 -0.0444
2.3000 1.0000 0.9880 0.0120 -0.0441 -0.0441
2.3100 1.0000 0.9886 0.0114 -0.0438 -0.0438
2.3200 1.0000 0.9892 0.0108 -0.0435 -0.0435
2.3300 1.0000 0.9898 0.0102 -0.0432 -0.0432
2.3400 1.0000 0.9903 0.0097 -0.0428 -0.0428
2.3500 1.0000 0.9909 0.0091 -0.0425 -0.0425
2.3600 1.0000 0.9914 0.0086 -0.0422 -0.0422
2.3700 1.0000 0.9919 0.0081 -0.0419 -0.0419
2.3800 1.0000 0.9924 0.0076 -0.0415 -0.0415
2.3900 1.0000 0.9929 0.0071 -0.0412 -0.0412
2.4000 1.0000 0.9934 0.0066 -0.0408 -0.0408
2.4100 1.0000 0.9939 0.0061 -0.0405 -0.0405
2.4200 1.0000 0.9944 0.0056 -0.0402 -0.0402
2.4300 1.0000 0.9948 0.0052 -0.0398 -0.0398
2.4400 1.0000 0.9952 0.0048 -0.0394 -0.0394
2.4500 1.0000 0.9957 0.0043 -0.0391 -0.0391
2.4600 1.0000 0.9961 0.0039 -0.0387 -0.0387
2.4700 1.0000 0.9965 0.0035 -0.0384 -0.0384
2.4800 1.0000 0.9969 0.0031 -0.0380 -0.0380
2.4900 1.0000 0.9972 0.0028 -0.0376 -0.0376
2.5000 1.0000 0.9976 0.0024 -0.0373 -0.0373
2.5100 1.0000 0.9980 0.0020 -0.0369 -0.0369
2.5200 1.0000 0.9983 0.0017 -0.0366 -0.0366
2.5300 1.0000 0.9986 0.0014 -0.0362 -0.0362
2.5400 1.0000 0.9990 0.0010 -0.0358 -0.0358
2.5500 1.0000 0.9993 0.0007 -0.0354 -0.0354
2.5600 1.0000 0.9996 0.0004 -0.0351 -0.0351
2.5700 1.0000 0.9999 0.0001 -0.0347 -0.0347
2.5800 1.0000 1.0002 -0.0002 -0.0343 -0.0343
2.5900 1.0000 1.0004 -0.0004 -0.0340 -0.0340
2.6000 1.0000 1.0007 -0.0007 -0.0336 -0.0336
2.6100 1.0000 1.0010 -0.0010 -0.0332 -0.0332
2.6200 1.0000 1.0012 -0.0012 -0.0329 -0.0329
2.6300 1.0000 1.0015 -0.0015 -0.0325 -0.0325
2.6400 1.0000 1.0017 -0.0017 -0.0321 -0.0321
2.6500 1.0000 1.0019 -0.0019 -0.0318 -0.0318
2.6600 1.0000 1.0021 -0.0021 -0.0314 -0.0314
2.6700 1.0000 1.0024 -0.0024 -0.0310 -0.0310
2.6800 1.0000 1.0026 -0.0026 -0.0307 -0.0307
2.6900 1.0000 1.0028 -0.0028 -0.0303 -0.0303
2.7000 1.0000 1.0030 -0.0030 -0.0299 -0.0299
2.7100 1.0000 1.0031 -0.0031 -0.0296 -0.0296
2.7200 1.0000 1.0033 -0.0033 -0.0292 -0.0292
2.7300 1.0000 1.0035 -0.0035 -0.0289 -0.0289
2.7400 1.0000 1.0036 -0.0036 -0.0285 -0.0285
2.7500 1.0000 1.0038 -0.0038 -0.0281 -0.0281
2.7600 1.0000 1.0040 -0.0040 -0.0278 -0.0278
2.7700 1.0000 1.0041 -0.0041 -0.0274 -0.0274
2.7800 1.0000 1.0042 -0.0042 -0.0271 -0.0271
2.7900 1.0000 1.0044 -0.0044 -0.0267 -0.0267
2.8000 1.0000 1.0045 -0.0045 -0.0264 -0.0264
2.8100 1.0000 1.0046 -0.0046 -0.0260 -0.0260
2.8200 1.0000 1.0047 -0.0047 -0.0257 -0.0257
2.8300 1.0000 1.0049 -0.0049 -0.0254 -0.0254
2.8400 1.0000 1.0050 -0.0050 -0.0250 -0.0250
2.8500 1.0000 1.0051 -0.0051 -0.0247 -0.0247
2.8600 1.0000 1.0052 -0.0052 -0.0243 -0.0243
2.8700 1.0000 1.0052 -0.0052 -0.0240 -0.0240
2.8800 1.0000 1.0053 -0.0053 -0.0237 -0.0237
2.8900 1.0000 1.0054 -0.0054 -0.0234 -0.0234
2.9000 1.0000 1.0055 -0.0055 -0.0230 -0.0230
2.9100 1.0000 1.0056 -0.0056 -0.0227 -0.0227
2.9200 1.0000 1.0056 -0.0056 -0.0224 -0.0224
2.9300 1.0000 1.0057 -0.0057 -0.0221 -0.0221
2.9400 1.0000 1.0058 -0.0058 -0.0218 -0.0218
2.9500 1.0000 1.0058 -0.0058 -0.0214 -0.0214
2.9600 1.0000 1.0059 -0.0059 -0.0211 -0.0211
2.9700 1.0000 1.0059 -0.0059 -0.0208 -0.0208
2.9800 1.0000 1.0060 -0.0060 -0.0205 -0.0205
2.9900 1.0000 1.0060 -0.0060 -0.0202 -0.0202
3.0000 1.0000 1.0061 -0.0061 -0.0199 -0.0199
3.0100 1.0000 1.0061 -0.0061 -0.0196 -0.0196
3.0200 1.0000 1.0061 -0.0061 -0.0193 -0.0193
3.0300 1.0000 1.0062 -0.0062 -0.0190 -0.0190
3.0400 1.0000 1.0062 -0.0062 -0.0187 -0.0187
3.0500 1.0000 1.0062 -0.0062 -0.0184 -0.0184
3.0600 1.0000 1.0062 -0.0062 -0.0182 -0.0182
3.0700 1.0000 1.0063 -0.0063 -0.0179 -0.0179
3.0800 1.0000 1.0063 -0.0063 -0.0176 -0.0176
3.0900 1.0000 1.0063 -0.0063 -0.0173 -0.0173
3.1000 1.0000 1.0063 -0.0063 -0.0171 -0.0171
3.1100 1.0000 1.0063 -0.0063 -0.0168 -0.0168
3.1200 1.0000 1.0063 -0.0063 -0.0165 -0.0165
3.1300 1.0000 1.0063 -0.0063 -0.0163 -0.0163
3.1400 1.0000 1.0063 -0.0063 -0.0160 -0.0160
3.1500 1.0000 1.0063 -0.0063 -0.0157 -0.0157
3.1600 1.0000 1.0063 -0.0063 -0.0155 -0.0155
3.1700 1.0000 1.0063 -0.0063 -0.0152 -0.0152
3.1800 1.0000 1.0063 -0.0063 -0.0150 -0.0150
3.1900 1.0000 1.0063 -0.0063 -0.0147 -0.0147
3.2000 1.0000 1.0063 -0.0063 -0.0145 -0.0145
3.2100 1.0000 1.0063 -0.0063 -0.0142 -0.0142
3.2200 1.0000 1.0063 -0.0063 -0.0140 -0.0140
3.2300 1.0000 1.0062 -0.0062 -0.0138 -0.0138
3.2400 1.0000 1.0062 -0.0062 -0.0135 -0.0135
3.2500 1.0000 1.0062 -0.0062 -0.0133 -0.0133
3.2600 1.0000 1.0062 -0.0062 -0.0131 -0.0131
3.2700 1.0000 1.0062 -0.0062 -0.0128 -0.0128
3.2800 1.0000 1.0061 -0.0061 -0.0126 -0.0126
3.2900 1.0000 1.0061 -0.0061 -0.0124 -0.0124
3.3000 1.0000 1.0061 -0.0061 -0.0122 -0.0122
3.3100 1.0000 1.0061 -0.0061 -0.0120 -0.0120
3.3200 1.0000 1.0060 -0.0060 -0.0118 -0.0118
3.3300 1.0000 1.0060 -0.0060 -0.0115 -0.0115
3.3400 1.0000 1.0060 -0.0060 -0.0113 -0.0113
3.3500 1.0000 1.0059 -0.0059 -0.0111 -0.0111
3.3600 1.0000 1.0059 -0.0059 -0.0109 -0.0109
3.3700 1.0000 1.0059 -0.0059 -0.0107 -0.0107
3.3800 1.0000 1.0058 -0.0058 -0.0105 -0.0105
3.3900 1.0000 1.0058 -0.0058 -0.0103 -0.0103
3.4000 1.0000 1.0058 -0.0058 -0.0101 -0.0101
3.4100 1.0000 1.0057 -0.0057 -0.0100 -0.0100
3.4200 1.0000 1.0057 -0.0057 -0.0098 -0.0098
3.4300 1.0000 1.0057 -0.0057 -0.0096 -0.0096
3.4400 1.0000 1.0056 -0.0056 -0.0094 -0.0094
3.4500 1.0000 1.0056 -0.0056 -0.0092 -0.0092
3.4600 1.0000 1.0055 -0.0055 -0.0090 -0.0090
3.4700 1.0000 1.0055 -0.0055 -0.0089 -0.0089
3.4800 1.0000 1.0055 -0.0055 -0.0087 -0.0087
3.4900 1.0000 1.0054 -0.0054 -0.0085 -0.0085
3.5000 1.0000 1.0054 -0.0054 -0.0084 -0.0084
3.5100 1.0000 1.0053 -0.0053 -0.0082 -0.0082
3.5200 1.0000 1.0053 -0.0053 -0.0080 -0.0080
3.5300 1.0000 1.0052 -0.0052 -0.0079 -0.0079
3.5400 1.0000 1.0052 -0.0052 -0.0077 -0.0077
3.5500 1.0000 1.0051 -0.0051 -0.0076 -0.0076
3.5600 1.0000 1.0051 -0.0051 -0.0074 -0.0074
3.5700 1.0000 1.0051 -0.0051 -0.0073 -0.0073
3.5800 1.0000 1.0050 -0.0050 -0.0071 -0.0071
3.5900 1.0000 1.0050 -0.0050 -0.0070 -0.0070
3.6000 1.0000 1.0049 -0.0049 -0.0068 -0.0068
3.6100 1.0000 1.0049 -0.0049 -0.0067 -0.0067
3.6200 1.0000 1.0048 -0.0048 -0.0065 -0.0065
3.6300 1.0000 1.0048 -0.0048 -0.0064 -0.0064
3.6400 1.0000 1.0047 -0.0047 -0.0063 -0.0063
3.6500 1.0000 1.0047 -0.0047 -0.0061 -0.0061
3.6600 1.0000 1.0046 -0.0046 -0.0060 -0.0060
3.6700 1.0000 1.0046 -0.0046 -0.0059 -0.0059
3.6800 1.0000 1.0045 -0.0045 -0.0058 -0.0058
3.6900 1.0000 1.0045 -0.0045 -0.0056 -0.0056
3.7000 1.0000 1.0044 -0.0044 -0.0055 -0.0055
3.7100 1.0000 1.0044 -0.0044 -0.0054 -0.0054
3.7200 1.0000 1.0044 -0.0044 -0.0053 -0.0053
3.7300 1.0000 1.0043 -0.0043 -0.0052 -0.0052
3.7400 1.0000 1.0043 -0.0043 -0.0050 -0.0050
3.7500 1.0000 1.0042 -0.0042 -0.0049 -0.0049
3.7600 1.0000 1.0042 -0.0042 -0.0048 -0.0048
3.7700 1.0000 1.0041 -0.0041 -0.0047 -0.0047
3.7800 1.0000 1.0041 -0.0041 -0.0046 -0.0046
3.7900 1.0000 1.0040 -0.0040 -0.0045 -0.0045
3.8000 1.0000 1.0040 -0.0040 -0.0044 -0.0044
3.8100 1.0000 1.0039 -0.0039 -0.0043 -0.0043
3.8200 1.0000 1.0039 -0.0039 -0.0042 -0.0042
3.8300 1.0000 1.0038 -0.0038 -0.0041 -0.0041
3.8400 1.0000 1.0038 -0.0038 -0.0040 -0.0040
3.8500 1.0000 1.0037 -0.0037 -0.0039 -0.0039
3.8600 1.0000 1.0037 -0.0037 -0.0038 -0.0038
3.8700 1.0000 1.0037 -0.0037 -0.0037 -0.0037
3.8800 1.0000 1.0036 -0.0036 -0.0036 -0.0036
3.8900 1.0000 1.0036 -0.0036 -0.0035 -0.0035
3.9000 1.0000 1.0035 -0.0035 -0.0034 -0.0034
3.9100 1.0000 1.0035 -0.0035 -0.0034 -0.0034
3.9200 1.0000 1.0034 -0.0034 -0.0033 -0.0033
3.9300 1.0000 1.0034 -0.0034 -0.0032 -0.0032
3.9400 1.0000 1.0033 -0.0033 -0.0031 -0.0031
3.9500 1.0000 1.0033 -0.0033 -0.0030 -0.0030
3.9600 1.0000 1.0032 -0.0032 -0.0029 -0.0029
3.9700 1.0000 1.0032 -0.0032 -0.0029 -0.0029
3.9800 1.0000 1.0032 -0.0032 -0.0028 -0.0028
3.9900 1.0000 1.0031 -0.0031 -0.0027 -0.0027
4.0000 1.0000 1.0031 -0.0031 -0.0026 -0.0026
4.0100 1.0000 1.0030 -0.0030 -0.0026 -0.0026
4.0200 1.0000 1.0030 -0.0030 -0.0025 -0.0025
4.0300 1.0000 1.0029 -0.0029 -0.0024 -0.0024
4.0400 1.0000 1.0029 -0.0029 -0.0024 -0.0024
4.0500 1.0000 1.0029 -0.0029 -0.0023 -0.0023
4.0600 1.0000 1.0028 -0.0028 -0.0022 -0.0022
4.0700 1.0000 1.0028 -0.0028 -0.0022 -0.0022
4.0800 1.0000 1.0027 -0.0027 -0.0021 -0.0021
4.0900 1.0000 1.0027 -0.0027 -0.0021 -0.0021
4.1000 1.0000 1.0027 -0.0027 -0.0020 -0.0020
4.1100 1.0000 1.0026 -0.0026 -0.0019 -0.0019
4.1200 1.0000 1.0026 -0.0026 -0.0019 -0.0019
4.1300 1.0000 1.0025 -0.0025 -0.0018 -0.0018
4.1400 1.0000 1.0025 -0.0025 -0.0018 -0.0018
4.1500 1.0000 1.0025 -0.0025 -0.0017 -0.0017
4.1600 1.0000 1.0024 -0.0024 -0.0017 -0.0017
4.1700 1.0000 1.0024 -0.0024 -0.0016 -0.0016
4.1800 1.0000 1.0024 -0.0024 -0.0016 -0.0016
4.1900 1.0000 1.0023 -0.0023 -0.0015 -0.0015
4.2000 1.0000 1.0023 -0.0023 -0.0015 -0.0015
4.2100 1.0000 1.0023 -0.0023 -0.0014 -0.0014
4.2200 1.0000 1.0022 -0.0022 -0.0014 -0.0014
4.2300 1.0000 1.0022 -0.0022 -0.0013 -0.0013
4.2400 1.0000 1.0021 -0.0021 -0.0013 -0.0013
4.2500 1.0000 1.0021 -0.0021 -0.0012 -0.0012
4.2600 1.0000 1.0021 -0.0021 -0.0012 -0.0012
4.2700 1.0000 1.0020 -0.0020 -0.0011 -0.0011
4.2800 1.0000 1.0020 -0.0020 -0.0011 -0.0011
4.2900 1.0000 1.0020 -0.0020 -0.0011 -0.0011
4.3000 1.0000 1.0019 -0.0019 -0.0010 -0.0010
4.3100 1.0000 1.0019 -0.0019 -0.0010 -0.0010
4.3200 1.0000 1.0019 -0.0019 -0.0010 -0.0010
4.3300 1.0000 1.0019 -0.0019 -0.0009 -0.0009
4.3400 1.0000 1.0018 -0.0018 -0.0009 -0.0009
4.3500 1.0000 1.0018 -0.0018 -0.0008 -0.0008
4.3600 1.0000 1.0018 -0.0018 -0.0008 -0.0008
4.3700 1.0000 1.0017 -0.0017 -0.0008 -0.0008
4.3800 1.0000 1.0017 -0.0017 -0.0007 -0.0007
4.3900 1.0000 1.0017 -0.0017 -0.0007 -0.0007
4.4000 1.0000 1.0016 -0.0016 -0.0007 -0.0007
4.4100 1.0000 1.0016 -0.0016 -0.0007 -0.0007
4.4200 1.0000 1.0016 -0.0016 -0.0006 -0.0006
4.4300 1.0000 1.0016 -0.0016 -0.0006 -0.0006
4.4400 1.0000 1.0015 -0.0015 -0.0006 -0.0006
4.4500 1.0000 1.0015 -0.0015 -0.0005 -0.0005
4.4600 1.0000 1.0015 -0.0015 -0.0005 -0.0005
4.4700 1.0000 1.0015 -0.0015 -0.0005 -0.0005
4.4800 1.0000 1.0014 -0.0014 -0.0005 -0.0005
4.4900 1.0000 1.0014 -0.0014 -0.0004 -0.0004
4.5000 1.0000 1.0014 -0.0014 -0.0004 -0.0004
4.5100 1.0000 1.0013 -0.0013 -0.0004 -0.0004
4.5200 1.0000 1.0013 -0.0013 -0.0004 -0.0004
4.5300 1.0000 1.0013 -0.0013 -0.0003 -0.0003
4.5400 1.0000 1.0013 -0.0013 -0.0003 -0.0003
4.5500 1.0000 1.0012 -0.0012 -0.0003 -0.0003
4.5600 1.0000 1.0012 -0.0012 -0.0003 -0.0003
4.5700 1.0000 1.0012 -0.0012 -0.0003 -0.0003
4.5800 1.0000 1.0012 -0.0012 -0.0002 -0.0002
4.5900 1.0000 1.0012 -0.0012 -0.0002 -0.0002
4.6000 1.0000 1.0011 -0.0011 -0.0002 -0.0002
4.6100 1.0000 1.0011 -0.0011 -0.0002 -0.0002
4.6200 1.0000 1.0011 -0.0011 -0.0002 -0.0002
4.6300 1.0000 1.0011 -0.0011 -0.0002 -0.0002
4.6400 1.0000 1.0010 -0.0010 -0.0001 -0.0001
4.6500 1.0000 1.0010 -0.0010 -0.0001 -0.0001
4.6600 1.0000 1.0010 -0.0010 -0.0001 -0.0001
4.6700 1.0000 1.0010 -0.0010 -0.0001 -0.0001
4.6800 1.0000 1.0010 -0.0010 -0.0001 -0.0001
4.6900 1.0000 1.0009 -0.0009 -0.0001 -0.0001
4.7000 1.0000 1.0009 -0.0009 -0.0000 -0.0000
4.7100 1.0000 1.0009 -0.0009 -0.0000 -0.0000
4.7200 1.0000 1.0009 -0.0009 -0.0000 -0.0000
4.7300 1.0000 1.0009 -0.0009 -0.0000 -0.0000
4.7400 1.0000 1.0009 -0.0009 0.0000 0.0000
4.7500 1.0000 1.0008 -0.0008 0.0000 0.0000
4.7600 1.0000 1.0008 -0.0008 0.0000 0.0000
4.7700 1.0000 1.0008 -0.0008 0.0000 0.0000
4.7800 1.0000 1.0008 -0.0008 0.0001 0.0001
4.7900 1.0000 1.0008 -0.0008 0.0001 0.0001
4.8000 1.0000 1.0008 -0.0008 0.0001 0.0001
4.8100 1.0000 1.0007 -0.0007 0.0001 0.0001
4.8200 1.0000 1.0007 -0.0007 0.0001 0.0001
4.8300 1.0000 1.0007 -0.0007 0.0001 0.0001
4.8400 1.0000 1.0007 -0.0007 0.0001 0.0001
4.8500 1.0000 1.0007 -0.0007 0.0001 0.0001
4.8600 1.0000 1.0007 -0.0007 0.0001 0.0001
4.8700 1.0000 1.0006 -0.0006 0.0001 0.0001
4.8800 1.0000 1.0006 -0.0006 0.0001 0.0001
4.8900 1.0000 1.0006 -0.0006 0.0001 0.0001
4.9000 1.0000 1.0006 -0.0006 0.0002 0.0002
4.9100 1.0000 1.0006 -0.0006 0.0002 0.0002
4.9200 1.0000 1.0006 -0.0006 0.0002 0.0002
4.9300 1.0000 1.0006 -0.0006 0.0002 0.0002
4.9400 1.0000 1.0005 -0.0005 0.0002 0.0002
4.9500 1.0000 1.0005 -0.0005 0.0002 0.0002
4.9600 1.0000 1.0005 -0.0005 0.0002 0.0002
4.9700 1.0000 1.0005 -0.0005 0.0002 0.0002
4.9800 1.0000 1.0005 -0.0005 0.0002 0.0002
4.9900 1.0000 1.0005 -0.0005 0.0002 0.0002
5.0000 1.0000 1.0005 -0.0005 0.0002 0.0002
5.0100 1.0000 1.0005 -0.0005 0.0002 0.0002
5.0200 1.0000 1.0005 -0.0005 0.0002 0.0002
5.0300 1.0000 1.0004 -0.0004 0.0002 0.0002
5.0400 1.0000 1.0004 -0.0004 0.0002 0.0002
5.0500 1.0000 1.0004 -0.0004 0.0002 0.0002
5.0600 1.0000 1.0004 -0.0004 0.0002 0.0002
5.0700 1.0000 1.0004 -0.0004 0.0002 0.0002
5.0800 1.0000 1.0004 -0.0004 0.0002 0.0002
5.0900 1.0000 1.0004 -0.0004 0.0002 0.0002
5.1000 1.0000 1.0004 -0.0004 0.0002 0.0002
5.1100 1.0000 1.0004 -0.0004 0.0002 0.0002
5.1200 1.0000 1.0003 -0.0003 0.0003 0.0003
5.1300 1.0000 1.0003 -0.0003 0.0003 0.0003
5.1400 1.0000 1.0003 -0.0003 0.0003 0.0003
5.1500 1.0000 1.0003 -0.0003 0.0003 0.0003
5.1600 1.0000 1.0003 -0.0003 0.0003 0.0003
5.1700 1.0000 1.0003 -0.0003 0.0003 0.0003
5.1800 1.0000 1.0003 -0.0003 0.0003 0.0003
5.1900 1.0000 1.0003 -0.0003 0.0003 0.0003
5.2000 1.0000 1.0003 -0.0003 0.0003 0.0003
5.2100 1.0000 1.0003 -0.0003 0.0003 0.0003
5.2200 1.0000 1.0003 -0.0003 0.0003 0.0003
5.2300 1.0000 1.0003 -0.0003 0.0003 0.0003
5.2400 1.0000 1.0002 -0.0002 0.0003 0.0003
5.2500 1.0000 1.0002 -0.0002 0.0003 0.0003
5.2600 1.0000 1.0002 -0.0002 0.0003 0.0003
5.2700 1.0000 1.0002 -0.0002 0.0003 0.0003
5.2800 1.0000 1.0002 -0.0002 0.0003 0.0003
5.2900 1.0000 1.0002 -0.0002 0.0003 0.0003
5.3000 1.0000 1.0002 -0.0002 0.0003 0.0003
5.3100 1.0000 1.0002 -0.0002 0.0003 0.0003
5.3200 1.0000 1.0002 -0.0002 0.0003 0.0003
5.3300 1.0000 1.0002 -0.0002 0.0003 0.0003
5.3400 1.0000 1.0002 -0.0002 0.0003 0.0003
5.3500 1.0000 1.0002 -0.0002 0.0003 0.0003
5.3600 1.0000 1.0002 -0.0002 0.0003 0.0003
5.3700 1.0000 1.0002 -0.0002 0.0003 0.0003
5.3800 1.0000 1.0002 -0.0002 0.0003 0.0003
5.3900 1.0000 1.0002 -0.0002 0.0003 0.0003
5.4000 1.0000 1.0001 -0.0001 0.0003 0.0003
5.4100 1.0000 1.0001 -0.0001 0.0003 0.0003
5.4200 1.0000 1.0001 -0.0001 0.0003 0.0003
5.4300 1.0000 1.0001 -0.0001 0.0003 0.0003
5.4400 1.0000 1.0001 -0.0001 0.0003 0.0003
5.4500 1.0000 1.0001 -0.0001 0.0003 0.0003
5.4600 1.0000 1.0001 -0.0001 0.0003 0.0003
5.4700 1.0000 1.0001 -0.0001 0.0003 0.0003
5.4800 1.0000 1.0001 -0.0001 0.0003 0.0003
5.4900 1.0000 1.0001 -0.0001 0.0003 0.0003
5.5000 1.0000 1.0001 -0.0001 0.0003 0.0003
5.5100 1.0000 1.0001 -0.0001 0.0003 0.0003
5.5200 1.0000 1.0001 -0.0001 0.0003 0.0003
5.5300 1.0000 1.0001 -0.0001 0.0002 0.0002
5.5400 1.0000 1.0001 -0.0001 0.0002 0.0002
5.5500 1.0000 1.0001 -0.0001 0.0002 0.0002
5.5600 1.0000 1.0001 -0.0001 0.0002 0.0002
5.5700 1.0000 1.0001 -0.0001 0.0002 0.0002
5.5800 1.0000 1.0001 -0.0001 0.0002 0.0002
5.5900 1.0000 1.0001 -0.0001 0.0002 0.0002
5.6000 1.0000 1.0001 -0.0001 0.0002 0.0002
5.6100 1.0000 1.0001 -0.0001 0.0002 0.0002
5.6200 1.0000 1.0001 -0.0001 0.0002 0.0002
5.6300 1.0000 1.0001 -0.0001 0.0002 0.0002
5.6400 1.0000 1.0000 -0.0000 0.0002 0.0002
5.6500 1.0000 1.0000 -0.0000 0.0002 0.0002
5.6600 1.0000 1.0000 -0.0000 0.0002 0.0002
5.6700 1.0000 1.0000 -0.0000 0.0002 0.0002
5.6800 1.0000 1.0000 -0.0000 0.0002 0.0002
5.6900 1.0000 1.0000 -0.0000 0.0002 0.0002
5.7000 1.0000 1.0000 -0.0000 0.0002 0.0002
5.7100 1.0000 1.0000 -0.0000 0.0002 0.0002
5.7200 1.0000 1.0000 -0.0000 0.0002 0.0002
5.7300 1.0000 1.0000 -0.0000 0.0002 0.0002
5.7400 1.0000 1.0000 -0.0000 0.0002 0.0002
5.7500 1.0000 1.0000 -0.0000 0.0002 0.0002
5.7600 1.0000 1.0000 -0.0000 0.0002 0.0002
5.7700 1.0000 1.0000 -0.0000 0.0002 0.0002
5.7800 1.0000 1.0000 -0.0000 0.0002 0.0002
5.7900 1.0000 1.0000 -0.0000 0.0002 0.0002
5.8000 1.0000 1.0000 -0.0000 0.0002 0.0002
5.8100 1.0000 1.0000 -0.0000 0.0002 0.0002
5.8200 1.0000 1.0000 -0.0000 0.0002 0.0002
5.8300 1.0000 1.0000 -0.0000 0.0002 0.0002
5.8400 1.0000 1.0000 -0.0000 0.0002 0.0002
5.8500 1.0000 1.0000 -0.0000 0.0002 0.0002
5.8600 1.0000 1.0000 -0.0000 0.0002 0.0002
5.8700 1.0000 1.0000 0.0000 0.0002 0.0002
5.8800 1.0000 1.0000 0.0000 0.0002 0.0002
5.8900 1.0000 1.0000 0.0000 0.0002 0.0002
5.9000 1.0000 1.0000 0.0000 0.0002 0.0002
5.9100 1.0000 1.0000 0.0000 0.0002 0.0002
5.9200 1.0000 1.0000 0.0000 0.0002 0.0002
5.9300 1.0000 1.0000 0.0000 0.0002 0.0002
5.9400 1.0000 1.0000 0.0000 0.0002 0.0002
5.9500 1.0000 1.0000 0.0000 0.0002 0.0002
5.9600 1.0000 1.0000 0.0000 0.0002 0.0002
5.9700 1.0000 1.0000 0.0000 0.0002 0.0002
5.9800 1.0000 1.0000 0.0000 0.0002 0.0002
5.9900 1.0000 1.0000 0.0000 0.0002 0.0002
6.0000 1.0000 1.0000 0.0000 0.0002 0.0002
6.0100 1.0000 1.0000 0.0000 0.0002 0.0002
6.0200 1.0000 1.0000 0.0000 0.0002 0.0002
6.0300 1.0000 1.0000 0.0000 0.0002 0.0002
6.0400 1.0000 1.0000 0.0000 0.0002 0.0002
6.0500 1.0000 1.0000 0.0000 0.0002 0.0002
6.0600 1.0000 1.0000 0.0000 0.0001 0.0001
6.0700 1.0000 1.0000 0.0000 0.0001 0.0001
6.0800 1.0000 1.0000 0.0000 0.0001 0.0001
6.0900 1.0000 1.0000 0.0000 0.0001 0.0001
6.1000 1.0000 1.0000 0.0000 0.0001 0.0001
6.1100 1.0000 1.0000 0.0000 0.0001 0.0001
6.1200 1.0000 1.0000 0.0000 0.0001 0.0001
6.1300 1.0000 1.0000 0.0000 0.0001 0.0001
6.1400 1.0000 1.0000 0.0000 0.0001 0.0001
6.1500 1.0000 1.0000 0.0000 0.0001 0.0001
6.1600 1.0000 1.0000 0.0000 0.0001 0.0001
6.1700 1.0000 1.0000 0.0000 0.0001 0.0001
6.1800 1.0000 1.0000 0.0000 0.0001 0.0001
6.1900 1.0000 1.0000 0.0000 0.0001 0.0001
6.2000 1.0000 1.0000 0.0000 0.0001 0.0001
6.2100 1.0000 1.0000 0.0000 0.0001 0.0001
6.2200 1.0000 1.0000 0.0000 0.0001 0.0001
6.2300 1.0000 1.0000 0.0000 0.0001 0.0001
6.2400 1.0000 1.0000 0.0000 0.0001 0.0001
6.2500 1.0000 1.0000 0.0000 0.0001 0.0001
6.2600 1.0000 1.0000 0.0000 0.0001 0.0001
6.2700 1.0000 1.0000 0.0000 0.0001 0.0001
6.2800 1.0000 1.0000 0.0000 0.0001 0.0001
6.2900 1.0000 1.0000 0.0000 0.0001 0.0001
6.3000 1.0000 1.0000 0.0000 0.0001 0.0001
6.3100 1.0000 1.0000 0.0000 0.0001 0.0001
6.3200 1.0000 1.0000 0.0000 0.0001 0.0001
6.3300 1.0000 1.0000 0.0000 0.0001 0.0001
6.3400 1.0000 1.0000 0.0000 0.0001 0.0001
6.3500 1.0000 1.0000 0.0000 0.0001 0.0001
6.3600 1.0000 1.0000 0.0000 0.0001 0.0001
6.3700 1.0000 1.0000 0.0000 0.0001 0.0001
6.3800 1.0000 1.0000 0.0000 0.0001 0.0001
6.3900 1.0000 1.0000 0.0000 0.0001 0.0001
6.4000 1.0000 1.0000 0.0000 0.0001 0.0001
6.4100 1.0000 1.0000 0.0000 0.0001 0.0001
6.4200 1.0000 1.0000 0.0000 0.0001 0.0001
6.4300 1.0000 1.0000 0.0000 0.0001 0.0001
6.4400 1.0000 1.0000 0.0000 0.0001 0.0001
6.4500 1.0000 1.0000 0.0000 0.0001 0.0001
6.4600 1.0000 1.0000 0.0000 0.0001 0.0001
6.4700 1.0000 1.0000 0.0000 0.0001 0.0001
6.4800 1.0000 1.0000 0.0000 0.0001 0.0001
6.4900 1.0000 1.0000 0.0000 0.0001 0.0001
6.5000 1.0000 1.0000 0.0000 0.0001 0.0001
6.5100 1.0000 1.0000 0.0000 0.0001 0.0001
6.5200 1.0000 1.0000 0.0000 0.0001 0.0001
6.5300 1.0000 1.0000 0.0000 0.0001 0.0001
6.5400 1.0000 1.0000 0.0000 0.0001 0.0001
6.5500 1.0000 1.0000 0.0000 0.0001 0.0001
6.5600 1.0000 1.0000 0.0000 0.0001 0.0001
6.5700 1.0000 1.0000 0.0000 0.0001 0.0001
6.5800 1.0000 1.0000 0.0000 0.0001 0.0001
6.5900 1.0000 1.0000 0.0000 0.0001 0.0001
6.6000 1.0000 1.0000 0.0000 0.0001 0.0001
6.6100 1.0000 1.0000 0.0000 0.0001 0.0001
6.6200 1.0000 1.0000 0.0000 0.0001 0.0001
6.6300 1.0000 1.0000 0.0000 0.0001 0.0001
6.6400 1.0000 1.0000 0.0000 0.0001 0.0001
6.6500 1.0000 1.0000 0.0000 0.0001 0.0001
6.6600 1.0000 1.0000 0.0000 0.0001 0.0001
6.6700 1.0000 1.0000 0.0000 0.0001 0.0001
6.6800 1.0000 1.0000 0.0000 0.0001 0.0001
6.6900 1.0000 1.0000 0.0000 0.0001 0.0001
6.7000 1.0000 1.0000 0.0000 0.0001 0.0001
6.7100 1.0000 1.0000 0.0000 0.0001 0.0001
6.7200 1.0000 1.0000 0.0000 0.0001 0.0001
6.7300 1.0000 1.0000 0.0000 0.0001 0.0001
6.7400 1.0000 1.0000 0.0000 0.0001 0.0001
6.7500 1.0000 1.0000 0.0000 0.0000 0.0000
6.7600 1.0000 1.0000 0.0000 0.0000 0.0000
6.7700 1.0000 1.0000 0.0000 0.0000 0.0000
6.7800 1.0000 1.0000 0.0000 0.0000 0.0000
6.7900 1.0000 1.0000 0.0000 0.0000 0.0000
6.8000 1.0000 1.0000 0.0000 0.0000 0.0000
6.8100 1.0000 1.0000 0.0000 0.0000 0.0000
6.8200 1.0000 1.0000 0.0000 0.0000 0.0000
6.8300 1.0000 1.0000 0.0000 0.0000 0.0000
6.8400 1.0000 1.0000 0.0000 0.0000 0.0000
6.8500 1.0000 1.0000 0.0000 0.0000 0.0000
6.8600 1.0000 1.0000 0.0000 0.0000 0.0000
6.8700 1.0000 1.0000 0.0000 0.0000 0.0000
6.8800 1.0000 1.0000 0.0000 0.0000 0.0000
6.8900 1.0000 1.0000 0.0000 0.0000 0.0000
6.9000 1.0000 1.0000 0.0000 0.0000 0.0000
6.9100 1.0000 1.0000 0.0000 0.0000 0.0000
6.9200 1.0000 1.0000 0.0000 0.0000 0.0000
6.9300 1.0000 1.0000 0.0000 0.0000 0.0000
6.9400 1.0000 1.0000 0.0000 0.0000 0.0000
6.9500 1.0000 1.0000 0.0000 0.0000 0.0000
6.9600 1.0000 1.0000 0.0000 0.0000 0.0000
6.9700 1.0000 1.0000 0.0000 0.0000 0.0000
6.9800 1.0000 1.0000 0.0000 0.0000 0.0000
6.9900 1.0000 1.0000 0.0000 0.0000 0.0000
7.0000 1.0000 1.0000 0.0000 0.0000 0.0000
7.0100 1.0000 1.0000 0.0000 0.0000 0.0000
7.0200 1.0000 1.0000 0.0000 0.0000 0.0000
7.0300 1.0000 1.0000 0.0000 0.0000 0.0000
7.0400 1.0000 1.0000 0.0000 0.0000 0.0000
7.0500 1.0000 1.0000 0.0000 0.0000 0.0000
7.0600 1.0000 1.0000 0.0000 0.0000 0.0000
7.0700 1.0000 1.0000 0.0000 0.0000 0.0000
7.0800 1.0000 1.0000 0.0000 0.0000 0.0000
7.0900 1.0000 1.0000 0.0000 0.0000 0.0000
7.1000 1.0000 1.0000 0.0000 0.0000 0.0000
7.1100 1.0000 1.0000 0.0000 0.0000 0.0000
7.1200 1.0000 1.0000 0.0000 0.0000 0.0000
7.1300 1.0000 1.0000 0.0000 0.0000 0.0000
7.1400 1.0000 1.0000 0.0000 0.0000 0.0000
7.1500 1.0000 1.0000 0.0000 0.0000 0.0000
7.1600 1.0000 1.0000 0.0000 0.0000 0.0000
7.1700 1.0000 1.0000 0.0000 0.0000 0.0000
7.1800 1.0000 1.0000 0.0000 0.0000 0.0000
7.1900 1.0000 1.0000 0.0000 0.0000 0.0000
7.2000 1.0000 1.0000 0.0000 0.0000 0.0000
7.2100 1.0000 1.0000 0.0000 0.0000 0.0000
7.2200 1.0000 1.0000 0.0000 0.0000 0.0000
7.2300 1.0000 1.0000 0.0000 0.0000 0.0000
7.2400 1.0000 1.0000 0.0000 0.0000 0.0000
7.2500 1.0000 1.0000 0.0000 0.0000 0.0000
7.2600 1.0000 1.0000 0.0000 0.0000 0.0000
7.2700 1.0000 1.0000 0.0000 0.0000 0.0000
7.2800 1.0000 1.0000 0.0000 0.0000 0.0000
7.2900 1.0000 1.0000 0.0000 0.0000 0.0000
7.3000 1.0000 1.0000 0.0000 0.0000 0.0000
7.3100 1.0000 1.0000 0.0000 0.0000 0.0000
7.3200 1.0000 1.0000 0.0000 0.0000 0.0000
7.3300 1.0000 1.0000 0.0000 0.0000 0.0000
7.3400 1.0000 1.0000 0.0000 0.0000 0.0000
7.3500 1.0000 1.0000 0.0000 0.0000 0.0000
7.3600 1.0000 1.0000 0.0000 0.0000 0.0000
7.3700 1.0000 1.0000 0.0000 0.0000 0.0000
7.3800 1.0000 1.0000 0.0000 0.0000 0.0000
7.3900 1.0000 1.0000 0.0000 0.0000 0.0000
7.4000 1.0000 1.0000 0.0000 0.0000 0.0000
7.4100 1.0000 1.0000 0.0000 0.0000 0.0000
7.4200 1.0000 1.0000 0.0000 0.0000 0.0000
7.4300 1.0000 1.0000 0.0000 0.0000 0.0000
7.4400 1.0000 1.0000 0.0000 0.0000 0.0000
7.4500 1.0000 1.0000 0.0000 0.0000 0.0000
7.4600 1.0000 1.0000 0.0000 0.0000 0.0000
7.4700 1.0000 1.0000 0.0000 0.0000 0.0000
7.4800 1.0000 1.0000 0.0000 0.0000 0.0000
7.4900 1.0000 1.0000 0.0000 0.0000 0.0000
7.5000 1.0000 1.0000 0.0000 0.0000 0.0000
7.5100 1.0000 1.0000 0.0000 0.0000 0.0000
7.5200 1.0000 1.0000 0.0000 0.0000 0.0000
7.5300 1.0000 1.0000 0.0000 0.0000 0.0000
7.5400 1.0000 1.0000 0.0000 0.0000 0.0000
7.5500 1.0000 1.0000 0.0000 0.0000 0.0000
7.5600 1.0000 1.0000 0.0000 0.0000 0.0000
7.5700 1.0000 1.0000 0.0000 0.0000 0.0000
7.5800 1.0000 1.0000 0.0000 0.0000 0.0000
7.5900 1.0000 1.0000 0.0000 0.0000 0.0000
7.6000 1.0000 1.0000 0.0000 0.0000 0.0000
7.6100 1.0000 1.0000 0.0000 0.0000 0.0000
7.6200 1.0000 1.0000 0.0000 0.0000 0.0000
7.6300 1.0000 1.0000 0.0000 0.0000 0.0000
7.6400 1.0000 1.0000 0.0000 0.0000 0.0000
7.6500 1.0000 1.0000 0.0000 0.0000 0.0000
7.6600 1.0000 1.0000 0.0000 0.0000 0.0000
7.6700 1.0000 1.0000 0.0000 0.0000 0.0000
7.6800 1.0000 1.0000 0.0000 0.0000 0.0000
7.6900 1.0000 1.0000 0.0000 0.0000 0.0000
7.7000 1.0000 1.0000 0.0000 0.0000 0.0000
7.7100 1.0000 1.0000 0.0000 0.0000 0.0000
7.7200 1.0000 1.0000 0.0000 0.0000 0.0000
7.7300 1.0000 1.0000 0.0000 0.0000 0.0000
7.7400 1.0000 1.0000 0.0000 0.0000 0.0000
7.7500 1.0000 1.0000 0.0000 0.0000 0.0000
7.7600 1.0000 1.0000 0.0000 0.0000 0.0000
7.7700 1.0000 1.0000 0.0000 0.0000 0.0000
7.7800 1.0000 1.0000 0.0000 0.0000 0.0000
7.7900 1.0000 1.0000 0.0000 0.0000 0.0000
7.8000 1.0000 1.0000 0.0000 0.0000 0.0000
7.8100 1.0000 1.0000 0.0000 0.0000 0.0000
7.8200 1.0000 1.0000 0.0000 0.0000 0.0000
7.8300 1.0000 1.0000 0.0000 0.0000 0.0000
7.8400 1.0000 1.0000 0.0000 0.0000 0.0000
7.8500 1.0000 1.0000 0.0000 0.0000 0.0000
7.8600 1.0000 1.0000 0.0000 0.0000 0.0000
7.8700 1.0000 1.0000 0.0000 0.0000 0.0000
7.8800 1.0000 1.0000 0.0000 0.0000 0.0000
7.8900 1.0000 1.0000 0.0000 0.0000 0.0000
7.9000 1.0000 1.0000 0.0000 0.0000 0.0000
7.9100 1.0000 1.0000 0.0000 0.0000 0.0000
7.9200 1.0000 1.0000 0.0000 0.0000 0.0000
7.9300 1.0000 1.0000 0.0000 0.0000 0.0000
7.9400 1.0000 1.0000 0.0000 0.0000 0.0000
7.9500 1.0000 1.0000 0.0000 0.0000 0.0000
7.9600 1.0000 1.0000 0.0000 0.0000 0.0000
7.9700 1.0000 1.0000 0.0000 0.0000 0.0000
7.9800 1.0000 1.0000 0.0000 0.0000 0.0000
7.9900 1.0000 1.0000 0.0000 0.0000 0.0000
8.0000 1.0000 1.0000 0.0000 0.0000 0.0000
8.0100 1.0000 1.0000 0.0000 0.0000 0.0000
8.0200 1.0000 1.0000 0.0000 0.0000 0.0000
8.0300 1.0000 1.0000 0.0000 -0.0000 -0.0000
8.0400 1.0000 1.0000 0.0000 -0.0000 -0.0000
8.0500 1.0000 1.0000 0.0000 -0.0000 -0.0000
8.0600 1.0000 1.0000 0.0000 -0.0000 -0.0000
8.0700 1.0000 1.0000 0.0000 -0.0000 -0.0000
8.0800 1.0000 1.0000 0.0000 -0.0000 -0.0000
8.0900 1.0000 1.0000 0.0000 -0.0000 -0.0000
8.1000 1.0000 1.0000 0.0000 -0.0000 -0.0000
8.1100 1.0000 1.0000 0.0000 -0.0000 -0.0000
8.1200 1.0000 1.0000 0.0000 -0.0000 -0.0000
8.1300 1.0000 1.0000 0.0000 -0.0000 -0.0000
8.1400 1.0000 1.0000 0.0000 -0.0000 -0.0000
8.1500 1.0000 1.0000 0.0000 -0.0000 -0.0000
8.1600 1.0000 1.0000 0.0000 -0.0000 -0.0000
8.1700 1.0000 1.0000 0.0000 -0.0000 -0.0000
8.1800 1.0000 1.0000 0.0000 -0.0000 -0.0000
8.1900 1.0000 1.0000 0.0000 -0.0000 -0.0000
8.2000 1.0000 1.0000 0.0000 -0.0000 -0.0000
8.2100 1.0000 1.0000 0.0000 -0.0000 -0.0000
8.2200 1.0000 1.0000 0.0000 -0.0000 -0.0000
8.2300 1.0000 1.0000 0.0000 -0.0000 -0.0000
8.2400 1.0000 1.0000 0.0000 -0.0000 -0.0000
8.2500 1.0000 1.0000 0.0000 -0.0000 -0.0000
8.2600 1.0000 1.0000 0.0000 -0.0000 -0.0000
8.2700 1.0000 1.0000 0.0000 -0.0000 -0.0000
8.2800 1.0000 1.0000 0.0000 -0.0000 -0.0000
8.2900 1.0000 1.0000 0.0000 -0.0000 -0.0000
8.3000 1.0000 1.0000 0.0000 -0.0000 -0.0000
8.3100 1.0000 1.0000 0.0000 -0.0000 -0.0000
8.3200 1.0000 1.0000 0.0000 -0.0000 -0.0000
8.3300 1.0000 1.0000 0.0000 -0.0000 -0.0000
8.3400 1.0000 1.0000 0.0000 -0.0000 -0.0000
8.3500 1.0000 1.0000 0.0000 -0.0000 -0.0000
8.3600 1.0000 1.0000 0.0000 -0.0000 -0.0000
8.3700 1.0000 1.0000 0.0000 -0.0000 -0.0000
8.3800 1.0000 1.0000 0.0000 -0.0000 -0.0000
8.3900 1.0000 1.0000 0.0000 -0.0000 -0.0000
8.4000 1.0000 1.0000 0.0000 -0.0000 -0.0000
8.4100 1.0000 1.0000 0.0000 -0.0000 -0.0000
8.4200 1.0000 1.0000 0.0000 -0.0000 -0.0000
8.4300 1.0000 1.0000 0.0000 -0.0000 -0.0000
8.4400 1.0000 1.0000 0.0000 -0.0000 -0.0000
8.4500 1.0000 1.0000 0.0000 -0.0000 -0.0000
8.4600 1.0000 1.0000 0.0000 -0.0000 -0.0000
8.4700 1.0000 1.0000 0.0000 -0.0000 -0.0000
8.4800 1.0000 1.0000 0.0000 -0.0000 -0.0000
8.4900 1.0000 1.0000 0.0000 -0.0000 -0.0000
8.5000 1.0000 1.0000 0.0000 -0.0000 -0.0000
8.5100 1.0000 1.0000 0.0000 -0.0000 -0.0000
8.5200 1.0000 1.0000 0.0000 -0.0000 -0.0000
8.5300 1.0000 1.0000 0.0000 -0.0000 -0.0000
8.5400 1.0000 1.0000 0.0000 -0.0000 -0.0000
8.5500 1.0000 1.0000 0.0000 -0.0000 -0.0000
8.5600 1.0000 1.0000 0.0000 -0.0000 -0.0000
8.5700 1.0000 1.0000 0.0000 -0.0000 -0.0000
8.5800 1.0000 1.0000 0.0000 -0.0000 -0.0000
8.5900 1.0000 1.0000 0.0000 -0.0000 -0.0000
8.6000 1.0000 1.0000 0.0000 -0.0000 -0.0000
8.6100 1.0000 1.0000 0.0000 -0.0000 -0.0000
8.6200 1.0000 1.0000 0.0000 -0.0000 -0.0000
8.6300 1.0000 1.0000 0.0000 -0.0000 -0.0000
8.6400 1.0000 1.0000 0.0000 -0.0000 -0.0000
8.6500 1.0000 1.0000 0.0000 -0.0000 -0.0000
8.6600 1.0000 1.0000 0.0000 -0.0000 -0.0000
8.6700 1.0000 1.0000 0.0000 -0.0000 -0.0000
8.6800 1.0000 1.0000 0.0000 -0.0000 -0.0000
8.6900 1.0000 1.0000 0.0000 -0.0000 -0.0000
8.7000 1.0000 1.0000 0.0000 -0.0000 -0.0000
8.7100 1.0000 1.0000 0.0000 -0.0000 -0.0000
8.7200 1.0000 1.0000 0.0000 -0.0000 -0.0000
8.7300 1.0000 1.0000 0.0000 -0.0000 -0.0000
8.7400 1.0000 1.0000 0.0000 -0.0000 -0.0000
8.7500 1.0000 1.0000 0.0000 -0.0000 -0.0000
8.7600 1.0000 1.0000 0.0000 -0.0000 -0.0000
8.7700 1.0000 1.0000 0.0000 -0.0000 -0.0000
8.7800 1.0000 1.0000 0.0000 -0.0000 -0.0000
8.7900 1.0000 1.0000 0.0000 -0.0000 -0.0000
8.8000 1.0000 1.0000 0.0000 -0.0000 -0.0000
8.8100 1.0000 1.0000 0.0000 -0.0000 -0.0000
8.8200 1.0000 1.0000 0.0000 -0.0000 -0.0000
8.8300 1.0000 1.0000 0.0000 -0.0000 -0.0000
8.8400 1.0000 1.0000 0.0000 -0.0000 -0.0000
8.8500 1.0000 1.0000 0.0000 -0.0000 -0.0000
8.8600 1.0000 1.0000 0.0000 -0.0000 -0.0000
8.8700 1.0000 1.0000 0.0000 -0.0000 -0.0000
8.8800 1.0000 1.0000 0.0000 -0.0000 -0.0000
8.8900 1.0000 1.0000 0.0000 -0.0000 -0.0000
8.9000 1.0000 1.0000 0.0000 -0.0000 -0.0000
8.9100 1.0000 1.0000 0.0000 -0.0000 -0.0000
8.9200 1.0000 1.0000 0.0000 -0.0000 -0.0000
8.9300 1.0000 1.0000 0.0000 -0.0000 -0.0000
8.9400 1.0000 1.0000 0.0000 -0.0000 -0.0000
8.9500 1.0000 1.0000 0.0000 -0.0000 -0.0000
8.9600 1.0000 1.0000 0.0000 -0.0000 -0.0000
8.9700 1.0000 1.0000 0.0000 -0.0000 -0.0000
8.9800 1.0000 1.0000 0.0000 -0.0000 -0.0000
8.9900 1.0000 1.0000 0.0000 -0.0000 -0.0000
9.0000 1.0000 1.0000 0.0000 -0.0000 -0.0000
9.0100 1.0000 1.0000 0.0000 -0.0000 -0.0000
9.0200 1.0000 1.0000 0.0000 -0.0000 -0.0000
9.0300 1.0000 1.0000 0.0000 -0.0000 -0.0000
9.0400 1.0000 1.0000 0.0000 -0.0000 -0.0000
9.0500 1.0000 1.0000 0.0000 -0.0000 -0.0000
9.0600 1.0000 1.0000 0.0000 -0.0000 -0.0000
9.0700 1.0000 1.0000 0.0000 -0.0000 -0.0000
9.0800 1.0000 1.0000 0.0000 -0.0000 -0.0000
9.0900 1.0000 1.0000 0.0000 -0.0000 -0.0000
9.1000 1.0000 1.0000 0.0000 -0.0000 -0.0000
9.1100 1.0000 1.0000 0.0000 -0.0000 -0.0000
9.1200 1.0000 1.0000 0.0000 -0.0000 -0.0000
9.1300 1.0000 1.0000 0.0000 -0.0000 -0.0000
9.1400 1.0000 1.0000 0.0000 -0.0000 -0.0000
9.1500 1.0000 1.0000 0.0000 -0.0000 -0.0000
9.1600 1.0000 1.0000 -0.0000 -0.0000 -0.0000
9.1700 1.0000 1.0000 -0.0000 -0.0000 -0.0000
9.1800 1.0000 1.0000 -0.0000 -0.0000 -0.0000
9.1900 1.0000 1.0000 -0.0000 -0.0000 -0.0000
9.2000 1.0000 1.0000 -0.0000 -0.0000 -0.0000
9.2100 1.0000 1.0000 -0.0000 -0.0000 -0.0000
9.2200 1.0000 1.0000 -0.0000 -0.0000 -0.0000
9.2300 1.0000 1.0000 -0.0000 -0.0000 -0.0000
9.2400 1.0000 1.0000 -0.0000 -0.0000 -0.0000
9.2500 1.0000 1.0000 -0.0000 -0.0000 -0.0000
9.2600 1.0000 1.0000 -0.0000 -0.0000 -0.0000
9.2700 1.0000 1.0000 -0.0000 -0.0000 -0.0000
9.2800 1.0000 1.0000 -0.0000 -0.0000 -0.0000
9.2900 1.0000 1.0000 -0.0000 -0.0000 -0.0000
9.3000 1.0000 1.0000 -0.0000 -0.0000 -0.0000
9.3100 1.0000 1.0000 -0.0000 -0.0000 -0.0000
9.3200 1.0000 1.0000 -0.0000 -0.0000 -0.0000
9.3300 1.0000 1.0000 -0.0000 -0.0000 -0.0000
9.3400 1.0000 1.0000 -0.0000 -0.0000 -0.0000
9.3500 1.0000 1.0000 -0.0000 -0.0000 -0.0000
9.3600 1.0000 1.0000 -0.0000 -0.0000 -0.0000
9.3700 1.0000 1.0000 -0.0000 -0.0000 -0.0000
9.3800 1.0000 1.0000 -0.0000 -0.0000 -0.0000
9.3900 1.0000 1.0000 -0.0000 -0.0000 -0.0000
9.4000 1.0000 1.0000 -0.0000 -0.0000 -0.0000
9.4100 1.0000 1.0000 -0.0000 -0.0000 -0.0000
9.4200 1.0000 1.0000 -0.0000 -0.0000 -0.0000
9.4300 1.0000 1.0000 -0.0000 -0.0000 -0.0000
9.4400 1.0000 1.0000 -0.0000 -0.0000 -0.0000
9.4500 1.0000 1.0000 -0.0000 -0.0000 -0.0000
9.4600 1.0000 1.0000 -0.0000 -0.0000 -0.0000
9.4700 1.0000 1.0000 -0.0000 -0.0000 -0.0000
9.4800 1.0000 1.0000 -0.0000 -0.0000 -0.0000
9.4900 1.0000 1.0000 -0.0000 -0.0000 -0.0000
9.5000 1.0000 1.0000 -0.0000 -0.0000 -0.0000
9.5100 1.0000 1.0000 -0.0000 -0.0000 -0.0000
9.5200 1.0000 1.0000 -0.0000 -0.0000 -0.0000
9.5300 1.0000 1.0000 -0.0000 -0.0000 -0.0000
9.5400 1.0000 1.0000 -0.0000 -0.0000 -0.0000
9.5500 1.0000 1.0000 -0.0000 -0.0000 -0.0000
9.5600 1.0000 1.0000 -0.0000 -0.0000 -0.0000
9.5700 1.0000 1.0000 -0.0000 -0.0000 -0.0000
9.5800 1.0000 1.0000 -0.0000 -0.0000 -0.0000
9.5900 1.0000 1.0000 -0.0000 -0.0000 -0.0000
9.6000 1.0000 1.0000 -0.0000 -0.0000 -0.0000
9.6100 1.0000 1.0000 -0.0000 -0.0000 -0.0000
9.6200 1.0000 1.0000 -0.0000 -0.0000 -0.0000
9.6300 1.0000 1.0000 -0.0000 -0.0000 -0.0000
9.6400 1.0000 1.0000 -0.0000 -0.0000 -0.0000
9.6500 1.0000 1.0000 -0.0000 -0.0000 -0.0000
9.6600 1.0000 1.0000 -0.0000 -0.0000 -0.0000
9.6700 1.0000 1.0000 -0.0000 -0.0000 -0.0000
9.6800 1.0000 1.0000 -0.0000 -0.0000 -0.0000
9.6900 1.0000 1.0000 -0.0000 -0.0000 -0.0000
9.7000 1.0000 1.0000 -0.0000 -0.0000 -0.0000
9.7100 1.0000 1.0000 -0.0000 -0.0000 -0.0000
9.7200 1.0000 1.0000 -0.0000 -0.0000 -0.0000
9.7300 1.0000 1.0000 -0.0000 -0.0000 -0.0000
9.7400 1.0000 1.0000 -0.0000 -0.0000 -0.0000
9.7500 1.0000 1.0000 -0.0000 -0.0000 -0.0000
9.7600 1.0000 1.0000 -0.0000 -0.0000 -0.0000
9.7700 1.0000 1.0000 -0.0000 -0.0000 -0.0000
9.7800 1.0000 1.0000 -0.0000 -0.0000 -0.0000
9.7900 1.0000 1.0000 -0.0000 -0.0000 -0.0000
9.8000 1.0000 1.0000 -0.0000 -0.0000 -0.0000
9.8100 1.0000 1.0000 -0.0000 -0.0000 -0.0000
9.8200 1.0000 1.0000 -0.0000 -0.0000 -0.0000
9.8300 1.0000 1.0000 -0.0000 -0.0000 -0.0000
9.8400 1.0000 1.0000 -0.0000 -0.0000 -0.0000
9.8500 1.0000 1.0000 -0.0000 -0.0000 -0.0000
9.8600 1.0000 1.0000 -0.0000 -0.0000 -0.0000
9.8700 1.0000 1.0000 -0.0000 -0.0000 -0.0000
9.8800 1.0000 1.0000 -0.0000 -0.0000 -0.0000
9.8900 1.0000 1.0000 -0.0000 -0.0000 -0.0000
9.9000 1.0000 1.0000 -0.0000 -0.0000 -0.0000
9.9100 1.0000 1.0000 -0.0000 -0.0000 -0.0000
9.9200 1.0000 1.0000 -0.0000 -0.0000 -0.0000
9.9300 1.0000 1.0000 -0.0000 -0.0000 -0.0000
9.9400 1.0000 1.0000 -0.0000 -0.0000 -0.0000
9.9500 1.0000 1.0000 -0.0000 -0.0000 -0.0000
9.9600 1.0000 1.0000 -0.0000 -0.0000 -0.0000
9.9700 1.0000 1.0000 -0.0000 -0.0000 -0.0000
9.9800 1.0000 1.0000 -0.0000 -0.0000 -0.0000
9.9900 1.0000 1.0000 -0.0000 -0.0000 -0.0000
10.0000 1.0000 1.0000 -0.0000 -0.0000 -0.0000
