0.0000 1.0000 0.0000 1.0000 2.0000 2.0000
0.0100 1.0000 0.0002 0.9998 1.9284 1.9284
0.0200 1.0000 0.0007 0.9993 1.7919 1.7919
0.0300 1.0000 0.0015 0.9985 1.6671 1.6671
0.0400 1.0000 0.0026 0.9974 1.5532 1.5532
0.0500 1.0000 0.0040 0.9960 1.4490 1.4490
0.0600 1.0000 0.0056 0.9944 1.3538 1.3538
0.0700 1.0000 0.0074 0.9926 1.2667 1.2667
0.0800 1.0000 0.0094 0.9906 1.1871 1.1871
0.0900 1.0000 0.0115 0.9885 1.1142 1.1142
0.1000 1.0000 0.0138 0.9862 1.0475 1.0475
0.1100 1.0000 0.0163 0.9837 0.9864 0.9864
0.1200 1.0000 0.0189 0.9811 0.9304 0.9304
0.1300 1.0000 0.0215 0.9785 0.8792 0.8792
0.1400 1.0000 0.0243 0.9757 0.8321 0.8321
0.1500 1.0000 0.0272 0.9728 0.7890 0.7890
0.1600 1.0000 0.0302 0.9698 0.7494 0.7494
0.1700 1.0000 0.0333 0.9667 0.7131 0.7131
0.1800 1.0000 0.0364 0.9636 0.6797 0.6797
0.1900 1.0000 0.0396 0.9604 0.6491 0.6491
0.2000 1.0000 0.0428 0.9572 0.6208 0.6208
0.2100 1.0000 0.0461 0.9539 0.5949 0.5949
0.2200 1.0000 0.0494 0.9506 0.5709 0.5709
0.2300 1.0000 0.0528 0.9472 0.5489 0.5489
0.2400 1.0000 0.0562 0.9438 0.5286 0.5286
0.2500 1.0000 0.0596 0.9404 0.5098 0.5098
0.2600 1.0000 0.0630 0.9370 0.4924 0.4924
0.2700 1.0000 0.0665 0.9335 0.4764 0.4764
0.2800 1.0000 0.0700 0.9300 0.4615 0.4615
0.2900 1.0000 0.0735 0.9265 0.4478 0.4478
0.3000 1.0000 0.0771 0.9229 0.4350 0.4350
0.3100 1.0000 0.0806 0.9194 0.4232 0.4232
0.3200 1.0000 0.0841 0.9159 0.4122 0.4122
0.3300 1.0000 0.0877 0.9123 0.4019 0.4019
0.3400 1.0000 0.0913 0.9087 0.3924 0.3924
0.3500 1.0000 0.0948 0.9052 0.3835 0.3835
0.3600 1.0000 0.0984 0.9016 0.3751 0.3751
0.3700 1.0000 0.1020 0.8980 0.3674 0.3674
0.3800 1.0000 0.1055 0.8945 0.3601 0.3601
0.3900 1.0000 0.1091 0.8909 0.3533 0.3533
0.4000 1.0000 0.1127 0.8873 0.3468 0.3468
0.4100 1.0000 0.1163 0.8837 0.3408 0.3408
0.4200 1.0000 0.1198 0.8802 0.3351 0.3351
0.4300 1.0000 0.1234 0.8766 0.3298 0.3298
0.4400 1.0000 0.1269 0.8731 0.3247 0.3247
0.4500 1.0000 0.1305 0.8695 0.3199 0.3199
0.4600 1.0000 0.1340 0.8660 0.3154 0.3154
0.4700 1.0000 0.1376 0.8624 0.3111 0.3111
0.4800 1.0000 0.1411 0.8589 0.3070 0.3070
0.4900 1.0000 0.1446 0.8554 0.3031 0.3031
0.5000 1.0000 0.1481 0.8519 0.2994 0.2994
0.5100 1.0000 0.1516 0.8484 0.2959 0.2959
0.5200 1.0000 0.1551 0.8449 0.2925 0.2925
0.5300 1.0000 0.1586 0.8414 0.2893 0.2893
0.5400 1.0000 0.1621 0.8379 0.2862 0.2862
0.5500 1.0000 0.1655 0.8345 0.2832 0.2832
0.5600 1.0000 0.1690 0.8310 0.2803 0.2803
0.5700 1.0000 0.1724 0.8276 0.2776 0.2776
0.5800 1.0000 0.1759 0.8241 0.2749 0.2749
0.5900 1.0000 0.1793 0.8207 0.2724 0.2724
0.6000 1.0000 0.1827 0.8173 0.2699 0.2699
0.6100 1.0000 0.1861 0.8139 0.2675 0.2675
0.6200 1.0000 0.1895 0.8105 0.2652 0.2652
0.6300 1.0000 0.1929 0.8071 0.2629 0.2629
0.6400 1.0000 0.1962 0.8038 0.2608 0.2608
0.6500 1.0000 0.1996 0.8004 0.2587 0.2587
0.6600 1.0000 0.2029 0.7971 0.2566 0.2566
0.6700 1.0000 0.2063 0.7937 0.2546 0.2546
0.6800 1.0000 0.2096 0.7904 0.2526 0.2526
0.6900 1.0000 0.2129 0.7871 0.2507 0.2507
0.7000 1.0000 0.2162 0.7838 0.2489 0.2489
0.7100 1.0000 0.2195 0.7805 0.2471 0.2471
0.7200 1.0000 0.2227 0.7773 0.2453 0.2453
0.7300 1.0000 0.2260 0.7740 0.2436 0.2436
0.7400 1.0000 0.2293 0.7707 0.2419 0.2419
0.7500 1.0000 0.2325 0.7675 0.2402 0.2402
0.7600 1.0000 0.2357 0.7643 0.2386 0.2386
0.7700 1.0000 0.2389 0.7611 0.2370 0.2370
0.7800 1.0000 0.2421 0.7579 0.2354 0.2354
0.7900 1.0000 0.2453 0.7547 0.2339 0.2339
0.8000 1.0000 0.2485 0.7515 0.2324 0.2324
0.8100 1.0000 0.2517 0.7483 0.2309 0.2309
0.8200 1.0000 0.2548 0.7452 0.2294 0.2294
0.8300 1.0000 0.2580 0.7420 0.2280 0.2280
0.8400 1.0000 0.2611 0.7389 0.2266 0.2266
0.8500 1.0000 0.2642 0.7358 0.2252 0.2252
0.8600 1.0000 0.2673 0.7327 0.2238 0.2238
0.8700 1.0000 0.2704 0.7296 0.2225 0.2225
0.8800 1.0000 0.2735 0.7265 0.2212 0.2212
0.8900 1.0000 0.2765 0.7235 0.2199 0.2199
0.9000 1.0000 0.2796 0.7204 0.2186 0.2186
0.9100 1.0000 0.2826 0.7174 0.2173 0.2173
0.9200 1.0000 0.2857 0.7143 0.2160 0.2160
0.9300 1.0000 0.2887 0.7113 0.2148 0.2148
0.9400 1.0000 0.2917 0.7083 0.2136 0.2136
0.9500 1.0000 0.2947 0.7053 0.2124 0.2124
0.9600 1.0000 0.2977 0.7023 0.2112 0.2112
0.9700 1.0000 0.3006 0.6994 0.2100 0.2100
0.9800 1.0000 0.3036 0.6964 0.2088 0.2088
0.9900 1.0000 0.3066 0.6934 0.2077 0.2077
1.0000 1.0000 0.3095 0.6905 0.2066 0.2066
1.0100 1.0000 0.3124 0.6876 0.2054 0.2054
1.0200 1.0000 0.3153 0.6847 0.2043 0.2043
1.0300 1.0000 0.3182 0.6818 0.2032 0.2032
1.0400 1.0000 0.3211 0.6789 0.2021 0.2021
1.0500 1.0000 0.3240 0.6760 0.2011 0.2011
1.0600 1.0000 0.3269 0.6731 0.2000 0.2000
1.0700 1.0000 0.3297 0.6703 0.1989 0.1989
1.0800 1.0000 0.3326 0.6674 0.1979 0.1979
1.0900 1.0000 0.3354 0.6646 0.1969 0.1969
1.1000 1.0000 0.3382 0.6618 0.1958 0.1958
1.1100 1.0000 0.3410 0.6590 0.1948 0.1948
1.1200 1.0000 0.3438 0.6562 0.1938 0.1938
1.1300 1.0000 0.3466 0.6534 0.1928 0.1928
1.1400 1.0000 0.3494 0.6506 0.1918 0.1918
1.1500 1.0000 0.3521 0.6479 0.1909 0.1909
1.1600 1.0000 0.3549 0.6451 0.1899 0.1899
1.1700 1.0000 0.3576 0.6424 0.1889 0.1889
1.1800 1.0000 0.3604 0.6396 0.1880 0.1880
1.1900 1.0000 0.3631 0.6369 0.1871 0.1871
1.2000 1.0000 0.3658 0.6342 0.1861 0.1861
1.2100 1.0000 0.3685 0.6315 0.1852 0.1852
1.2200 1.0000 0.3712 0.6288 0.1843 0.1843
1.2300 1.0000 0.3738 0.6262 0.1834 0.1834
1.2400 1.0000 0.3765 0.6235 0.1825 0.1825
1.2500 1.0000 0.3791 0.6209 0.1816 0.1816
1.2600 1.0000 0.3818 0.6182 0.1807 0.1807
1.2700 1.0000 0.3844 0.6156 0.1798 0.1798
1.2800 1.0000 0.3870 0.6130 0.1789 0.1789
1.2900 1.0000 0.3896 0.6104 0.1781 0.1781
1.3000 1.0000 0.3922 0.6078 0.1772 0.1772
1.3100 1.0000 0.3948 0.6052 0.1764 0.1764
1.3200 1.0000 0.3974 0.6026 0.1755 0.1755
1.3300 1.0000 0.3999 0.6001 0.1747 0.1747
1.3400 1.0000 0.4025 0.5975 0.1738 0.1738
1.3500 1.0000 0.4050 0.5950 0.1730 0.1730
1.3600 1.0000 0.4076 0.5924 0.1722 0.1722
1.3700 1.0000 0.4101 0.5899 0.1714 0.1714
1.3800 1.0000 0.4126 0.5874 0.1706 0.1706
1.3900 1.0000 0.4151 0.5849 0.1698 0.1698
1.4000 1.0000 0.4176 0.5824 0.1690 0.1690
1.4100 1.0000 0.4201 0.5799 0.1682 0.1682
1.4200 1.0000 0.4225 0.5775 0.1674 0.1674
1.4300 1.0000 0.4250 0.5750 0.1666 0.1666
1.4400 1.0000 0.4275 0.5725 0.1658 0.1658
1.4500 1.0000 0.4299 0.5701 0.1650 0.1650
1.4600 1.0000 0.4323 0.5677 0.1643 0.1643
1.4700 1.0000 0.4347 0.5653 0.1635 0.1635
1.4800 1.0000 0.4371 0.5629 0.1628 0.1628
1.4900 1.0000 0.4395 0.5605 0.1620 0.1620
1.5000 1.0000 0.4419 0.5581 0.1613 0.1613
1.5100 1.0000 0.4443 0.5557 0.1605 0.1605
1.5200 1.0000 0.4467 0.5533 0.1598 0.1598
1.5300 1.0000 0.4490 0.5510 0.1591 0.1591
1.5400 1.0000 0.4514 0.5486 0.1583 0.1583
1.5500 1.0000 0.4537 0.5463 0.1576 0.1576
1.5600 1.0000 0.4560 0.5440 0.1569 0.1569
1.5700 1.0000 0.4584 0.5416 0.1562 0.1562
1.5800 1.0000 0.4607 0.5393 0.1555 0.1555
1.5900 1.0000 0.4630 0.5370 0.1548 0.1548
1.6000 1.0000 0.4653 0.5347 0.1541 0.1541
1.6100 1.0000 0.4675 0.5325 0.1534 0.1534
1.6200 1.0000 0.4698 0.5302 0.1527 0.1527
1.6300 1.0000 0.4721 0.5279 0.1520 0.1520
1.6400 1.0000 0.4743 0.5257 0.1513 0.1513
1.6500 1.0000 0.4766 0.5234 0.1506 0.1506
1.6600 1.0000 0.4788 0.5212 0.1499 0.1499
1.6700 1.0000 0.4810 0.5190 0.1493 0.1493
1.6800 1.0000 0.4832 0.5168 0.1486 0.1486
1.6900 1.0000 0.4854 0.5146 0.1479 0.1479
1.7000 1.0000 0.4876 0.5124 0.1473 0.1473
1.7100 1.0000 0.4898 0.5102 0.1466 0.1466
1.7200 1.0000 0.4920 0.5080 0.1459 0.1459
1.7300 1.0000 0.4941 0.5059 0.1453 0.1453
1.7400 1.0000 0.4963 0.5037 0.1446 0.1446
1.7500 1.0000 0.4984 0.5016 0.1440 0.1440
1.7600 1.0000 0.5006 0.4994 0.1434 0.1434
1.7700 1.0000 0.5027 0.4973 0.1427 0.1427
1.7800 1.0000 0.5048 0.4952 0.1421 0.1421
1.7900 1.0000 0.5069 0.4931 0.1415 0.1415
1.8000 1.0000 0.5090 0.4910 0.1408 0.1408
1.8100 1.0000 0.5111 0.4889 0.1402 0.1402
1.8200 1.0000 0.5132 0.4868 0.1396 0.1396
1.8300 1.0000 0.5153 0.4847 0.1390 0.1390
1.8400 1.0000 0.5174 0.4826 0.1384 0.1384
1.8500 1.0000 0.5194 0.4806 0.1378 0.1378
1.8600 1.0000 0.5215 0.4785 0.1371 0.1371
1.8700 1.0000 0.5235 0.4765 0.1365 0.1365
1.8800 1.0000 0.5256 0.4744 0.1359 0.1359
1.8900 1.0000 0.5276 0.4724 0.1353 0.1353
1.9000 1.0000 0.5296 0.4704 0.1347 0.1347
1.9100 1.0000 0.5316 0.4684 0.1342 0.1342
1.9200 1.0000 0.5336 0.4664 0.1336 0.1336
1.9300 1.0000 0.5356 0.4644 0.1330 0.1330
1.9400 1.0000 0.5376 0.4624 0.1324 0.1324
1.9500 1.0000 0.5395 0.4605 0.1318 0.1318
1.9600 1.0000 0.5415 0.4585 0.1312 0.1312
1.9700 1.0000 0.5435 0.4565 0.1307 0.1307
1.9800 1.0000 0.5454 0.4546 0.1301 0.1301
1.9900 1.0000 0.5473 0.4527 0.1295 0.1295
2.0000 1.0000 0.5493 0.4507 0.1290 0.1290
2.0100 1.0000 0.5512 0.4488 0.1284 0.1284
2.0200 1.0000 0.5531 0.4469 0.1278 0.1278
2.0300 1.0000 0.5550 0.4450 0.1273 0.1273
2.0400 1.0000 0.5569 0.4431 0.1267 0.1267
2.0500 1.0000 0.5588 0.4412 0.1262 0.1262
2.0600 1.0000 0.5607 0.4393 0.1256 0.1256
2.0700 1.0000 0.5626 0.4374 0.1251 0.1251
2.0800 1.0000 0.5644 0.4356 0.1245 0.1245
2.0900 1.0000 0.5663 0.4337 0.1240 0.1240
2.1000 1.0000 0.5681 0.4319 0.1235 0.1235
2.1100 1.0000 0.5700 0.4300 0.1229 0.1229
2.1200 1.0000 0.5718 0.4282 0.1224 0.1224
2.1300 1.0000 0.5736 0.4264 0.1219 0.1219
2.1400 1.0000 0.5755 0.4245 0.1213 0.1213
2.1500 1.0000 0.5773 0.4227 0.1208 0.1208
2.1600 1.0000 0.5791 0.4209 0.1203 0.1203
2.1700 1.0000 0.5809 0.4191 0.1198 0.1198
2.1800 1.0000 0.5827 0.4173 0.1192 0.1192
2.1900 1.0000 0.5844 0.4156 0.1187 0.1187
2.2000 1.0000 0.5862 0.4138 0.1182 0.1182
2.2100 1.0000 0.5880 0.4120 0.1177 0.1177
2.2200 1.0000 0.5897 0.4103 0.1172 0.1172
2.2300 1.0000 0.5915 0.4085 0.1167 0.1167
2.2400 1.0000 0.5932 0.4068 0.1162 0.1162
2.2500 1.0000 0.5950 0.4050 0.1157 0.1157
2.2600 1.0000 0.5967 0.4033 0.1152 0.1152
2.2700 1.0000 0.5984 0.4016 0.1147 0.1147
2.2800 1.0000 0.6001 0.3999 0.1142 0.1142
2.2900 1.0000 0.6018 0.3982 0.1137 0.1137
2.3000 1.0000 0.6035 0.3965 0.1132 0.1132
2.3100 1.0000 0.6052 0.3948 0.1127 0.1127
2.3200 1.0000 0.6069 0.3931 0.1122 0.1122
2.3300 1.0000 0.6086 0.3914 0.1117 0.1117
2.3400 1.0000 0.6103 0.3897 0.1113 0.1113
2.3500 1.0000 0.6119 0.3881 0.1108 0.1108
2.3600 1.0000 0.6136 0.3864 0.1103 0.1103
2.3700 1.0000 0.6152 0.3848 0.1098 0.1098
2.3800 1.0000 0.6169 0.3831 0.1093 0.1093
2.3900 1.0000 0.6185 0.3815 0.1089 0.1089
2.4000 1.0000 0.6201 0.3799 0.1084 0.1084
2.4100 1.0000 0.6218 0.3782 0.1079 0.1079
2.4200 1.0000 0.6234 0.3766 0.1075 0.1075
2.4300 1.0000 0.6250 0.3750 0.1070 0.1070
2.4400 1.0000 0.6266 0.3734 0.1066 0.1066
2.4500 1.0000 0.6282 0.3718 0.1061 0.1061
2.4600 1.0000 0.6298 0.3702 0.1056 0.1056
2.4700 1.0000 0.6314 0.3686 0.1052 0.1052
2.4800 1.0000 0.6329 0.3671 0.1047 0.1047
2.4900 1.0000 0.6345 0.3655 0.1043 0.1043
2.5000 1.0000 0.6361 0.3639 0.1038 0.1038
2.5100 1.0000 0.6376 0.3624 0.1034 0.1034
2.5200 1.0000 0.6392 0.3608 0.1029 0.1029
2.5300 1.0000 0.6407 0.3593 0.1025 0.1025
2.5400 1.0000 0.6422 0.3578 0.1021 0.1021
2.5500 1.0000 0.6438 0.3562 0.1016 0.1016
2.5600 1.0000 0.6453 0.3547 0.1012 0.1012
2.5700 1.0000 0.6468 0.3532 0.1008 0.1008
2.5800 1.0000 0.6483 0.3517 0.1003 0.1003
2.5900 1.0000 0.6498 0.3502 0.0999 0.0999
2.6000 1.0000 0.6513 0.3487 0.0995 0.0995
2.6100 1.0000 0.6528 0.3472 0.0990 0.0990
2.6200 1.0000 0.6543 0.3457 0.0986 0.0986
2.6300 1.0000 0.6557 0.3443 0.0982 0.0982
2.6400 1.0000 0.6572 0.3428 0.0978 0.0978
2.6500 1.0000 0.6587 0.3413 0.0973 0.0973
2.6600 1.0000 0.6601 0.3399 0.0969 0.0969
2.6700 1.0000 0.6616 0.3384 0.0965 0.0965
2.6800 1.0000 0.6630 0.3370 0.0961 0.0961
2.6900 1.0000 0.6645 0.3355 0.0957 0.0957
2.7000 1.0000 0.6659 0.3341 0.0953 0.0953
2.7100 1.0000 0.6673 0.3327 0.0949 0.0949
2.7200 1.0000 0.6687 0.3313 0.0945 0.0945
2.7300 1.0000 0.6702 0.3298 0.0941 0.0941
2.7400 1.0000 0.6716 0.3284 0.0937 0.0937
2.7500 1.0000 0.6730 0.3270 0.0933 0.0933
2.7600 1.0000 0.6744 0.3256 0.0929 0.0929
2.7700 1.0000 0.6758 0.3242 0.0925 0.0925
2.7800 1.0000 0.6771 0.3229 0.0921 0.0921
2.7900 1.0000 0.6785 0.3215 0.0917 0.0917
2.8000 1.0000 0.6799 0.3201 0.0913 0.0913
2.8100 1.0000 0.6813 0.3187 0.0909 0.0909
2.8200 1.0000 0.6826 0.3174 0.0905 0.0905
2.8300 1.0000 0.6840 0.3160 0.0901 0.0901
2.8400 1.0000 0.6853 0.3147 0.0897 0.0897
2.8500 1.0000 0.6867 0.3133 0.0893 0.0893
2.8600 1.0000 0.6880 0.3120 0.0890 0.0890
2.8700 1.0000 0.6893 0.3107 0.0886 0.0886
2.8800 1.0000 0.6907 0.3093 0.0882 0.0882
2.8900 1.0000 0.6920 0.3080 0.0878 0.0878
2.9000 1.0000 0.6933 0.3067 0.0874 0.0874
2.9100 1.0000 0.6946 0.3054 0.0871 0.0871
2.9200 1.0000 0.6959 0.3041 0.0867 0.0867
2.9300 1.0000 0.6972 0.3028 0.0863 0.0863
2.9400 1.0000 0.6985 0.3015 0.0860 0.0860
2.9500 1.0000 0.6998 0.3002 0.0856 0.0856
2.9600 1.0000 0.7011 0.2989 0.0852 0.0852
2.9700 1.0000 0.7023 0.2977 0.0849 0.0849
2.9800 1.0000 0.7036 0.2964 0.0845 0.0845
2.9900 1.0000 0.7049 0.2951 0.0841 0.0841
3.0000 1.0000 0.7061 0.2939 0.0838 0.0838
3.0100 1.0000 0.7074 0.2926 0.0834 0.0834
3.0200 1.0000 0.7086 0.2914 0.0831 0.0831
3.0300 1.0000 0.7099 0.2901 0.0827 0.0827
3.0400 1.0000 0.7111 0.2889 0.0823 0.0823
3.0500 1.0000 0.7124 0.2876 0.0820 0.0820
3.0600 1.0000 0.7136 0.2864 0.0816 0.0816
3.0700 1.0000 0.7148 0.2852 0.0813 0.0813
3.0800 1.0000 0.7160 0.2840 0.0809 0.0809
3.0900 1.0000 0.7172 0.2828 0.0806 0.0806
3.1000 1.0000 0.7184 0.2816 0.0803 0.0803
3.1100 1.0000 0.7196 0.2804 0.0799 0.0799
3.1200 1.0000 0.7208 0.2792 0.0796 0.0796
3.1300 1.0000 0.7220 0.2780 0.0792 0.0792
3.1400 1.0000 0.7232 0.2768 0.0789 0.0789
3.1500 1.0000 0.7244 0.2756 0.0786 0.0786
3.1600 1.0000 0.7256 0.2744 0.0782 0.0782
3.1700 1.0000 0.7268 0.2732 0.0779 0.0779
3.1800 1.0000 0.7279 0.2721 0.0776 0.0776
3.1900 1.0000 0.7291 0.2709 0.0772 0.0772
3.2000 1.0000 0.7302 0.2698 0.0769 0.0769
3.2100 1.0000 0.7314 0.2686 0.0766 0.0766
3.2200 1.0000 0.7325 0.2675 0.0762 0.0762
3.2300 1.0000 0.7337 0.2663 0.0759 0.0759
3.2400 1.0000 0.7348 0.2652 0.0756 0.0756
3.2500 1.0000 0.7359 0.2641 0.0753 0.0753
3.2600 1.0000 0.7371 0.2629 0.0749 0.0749
3.2700 1.0000 0.7382 0.2618 0.0746 0.0746
3.2800 1.0000 0.7393 0.2607 0.0743 0.0743
3.2900 1.0000 0.7404 0.2596 0.0740 0.0740
3.3000 1.0000 0.7415 0.2585 0.0737 0.0737
3.3100 1.0000 0.7426 0.2574 0.0734 0.0734
3.3200 1.0000 0.7437 0.2563 0.0730 0.0730
3.3300 1.0000 0.7448 0.2552 0.0727 0.0727
3.3400 1.0000 0.7459 0.2541 0.0724 0.0724
3.3500 1.0000 0.7470 0.2530 0.0721 0.0721
3.3600 1.0000 0.7481 0.2519 0.0718 0.0718
3.3700 1.0000 0.7492 0.2508 0.0715 0.0715
3.3800 1.0000 0.7502 0.2498 0.0712 0.0712
3.3900 1.0000 0.7513 0.2487 0.0709 0.0709
3.4000 1.0000 0.7524 0.2476 0.0706 0.0706
3.4100 1.0000 0.7534 0.2466 0.0703 0.0703
3.4200 1.0000 0.7545 0.2455 0.0700 0.0700
3.4300 1.0000 0.7555 0.2445 0.0697 0.0697
3.4400 1.0000 0.7566 0.2434 0.0694 0.0694
3.4500 1.0000 0.7576 0.2424 0.0691 0.0691
3.4600 1.0000 0.7586 0.2414 0.0688 0.0688
3.4700 1.0000 0.7597 0.2403 0.0685 0.0685
3.4800 1.0000 0.7607 0.2393 0.0682 0.0682
3.4900 1.0000 0.7617 0.2383 0.0679 0.0679
3.5000 1.0000 0.7627 0.2373 0.0676 0.0676
3.5100 1.0000 0.7637 0.2363 0.0673 0.0673
3.5200 1.0000 0.7648 0.2352 0.0670 0.0670
3.5300 1.0000 0.7658 0.2342 0.0668 0.0668
3.5400 1.0000 0.7668 0.2332 0.0665 0.0665
3.5500 1.0000 0.7678 0.2322 0.0662 0.0662
3.5600 1.0000 0.7687 0.2313 0.0659 0.0659
3.5700 1.0000 0.7697 0.2303 0.0656 0.0656
3.5800 1.0000 0.7707 0.2293 0.0653 0.0653
3.5900 1.0000 0.7717 0.2283 0.0651 0.0651
3.6000 1.0000 0.7727 0.2273 0.0648 0.0648
3.6100 1.0000 0.7736 0.2264 0.0645 0.0645
3.6200 1.0000 0.7746 0.2254 0.0642 0.0642
3.6300 1.0000 0.7756 0.2244 0.0640 0.0640
3.6400 1.0000 0.7765 0.2235 0.0637 0.0637
3.6500 1.0000 0.7775 0.2225 0.0634 0.0634
3.6600 1.0000 0.7784 0.2216 0.0631 0.0631
3.6700 1.0000 0.7794 0.2206 0.0629 0.0629
3.6800 1.0000 0.7803 0.2197 0.0626 0.0626
3.6900 1.0000 0.7813 0.2187 0.0623 0.0623
3.7000 1.0000 0.7822 0.2178 0.0621 0.0621
3.7100 1.0000 0.7831 0.2169 0.0618 0.0618
3.7200 1.0000 0.7840 0.2160 0.0615 0.0615
3.7300 1.0000 0.7850 0.2150 0.0613 0.0613
3.7400 1.0000 0.7859 0.2141 0.0610 0.0610
3.7500 1.0000 0.7868 0.2132 0.0608 0.0608
3.7600 1.0000 0.7877 0.2123 0.0605 0.0605
3.7700 1.0000 0.7886 0.2114 0.0602 0.0602
3.7800 1.0000 0.7895 0.2105 0.0600 0.0600
3.7900 1.0000 0.7904 0.2096 0.0597 0.0597
3.8000 1.0000 0.7913 0.2087 0.0595 0.0595
3.8100 1.0000 0.7922 0.2078 0.0592 0.0592
3.8200 1.0000 0.7931 0.2069 0.0590 0.0590
3.8300 1.0000 0.7940 0.2060 0.0587 0.0587
3.8400 1.0000 0.7949 0.2051 0.0585 0.0585
3.8500 1.0000 0.7957 0.2043 0.0582 0.0582
3.8600 1.0000 0.7966 0.2034 0.0580 0.0580
3.8700 1.0000 0.7975 0.2025 0.0577 0.0577
3.8800 1.0000 0.7983 0.2017 0.0575 0.0575
3.8900 1.0000 0.7992 0.2008 0.0572 0.0572
3.9000 1.0000 0.8000 0.2000 0.0570 0.0570
3.9100 1.0000 0.8009 0.1991 0.0567 0.0567
3.9200 1.0000 0.8018 0.1982 0.0565 0.0565
3.9300 1.0000 0.8026 0.1974 0.0563 0.0563
3.9400 1.0000 0.8034 0.1966 0.0560 0.0560
3.9500 1.0000 0.8043 0.1957 0.0558 0.0558
3.9600 1.0000 0.8051 0.1949 0.0555 0.0555
3.9700 1.0000 0.8059 0.1941 0.0553 0.0553
3.9800 1.0000 0.8068 0.1932 0.0551 0.0551
3.9900 1.0000 0.8076 0.1924 0.0548 0.0548
4.0000 1.0000 0.8084 0.1916 0.0546 0.0546
4.0100 1.0000 0.8092 0.1908 0.0544 0.0544
4.0200 1.0000 0.8101 0.1899 0.0541 0.0541
4.0300 1.0000 0.8109 0.1891 0.0539 0.0539
4.0400 1.0000 0.8117 0.1883 0.0537 0.0537
4.0500 1.0000 0.8125 0.1875 0.0534 0.0534
4.0600 1.0000 0.8133 0.1867 0.0532 0.0532
4.0700 1.0000 0.8141 0.1859 0.0530 0.0530
4.0800 1.0000 0.8149 0.1851 0.0528 0.0528
4.0900 1.0000 0.8157 0.1843 0.0525 0.0525
4.1000 1.0000 0.8164 0.1836 0.0523 0.0523
4.1100 1.0000 0.8172 0.1828 0.0521 0.0521
4.1200 1.0000 0.8180 0.1820 0.0519 0.0519
4.1300 1.0000 0.8188 0.1812 0.0516 0.0516
4.1400 1.0000 0.8196 0.1804 0.0514 0.0514
4.1500 1.0000 0.8203 0.1797 0.0512 0.0512
4.1600 1.0000 0.8211 0.1789 0.0510 0.0510
4.1700 1.0000 0.8219 0.1781 0.0508 0.0508
4.1800 1.0000 0.8226 0.1774 0.0505 0.0505
4.1900 1.0000 0.8234 0.1766 0.0503 0.0503
4.2000 1.0000 0.8241 0.1759 0.0501 0.0501
4.2100 1.0000 0.8249 0.1751 0.0499 0.0499
4.2200 1.0000 0.8256 0.1744 0.0497 0.0497
4.2300 1.0000 0.8264 0.1736 0.0495 0.0495
4.2400 1.0000 0.8271 0.1729 0.0493 0.0493
4.2500 1.0000 0.8279 0.1721 0.0491 0.0491
4.2600 1.0000 0.8286 0.1714 0.0488 0.0488
4.2700 1.0000 0.8293 0.1707 0.0486 0.0486
4.2800 1.0000 0.8301 0.1699 0.0484 0.0484
4.2900 1.0000 0.8308 0.1692 0.0482 0.0482
4.3000 1.0000 0.8315 0.1685 0.0480 0.0480
4.3100 1.0000 0.8322 0.1678 0.0478 0.0478
4.3200 1.0000 0.8329 0.1671 0.0476 0.0476
4.3300 1.0000 0.8336 0.1664 0.0474 0.0474
4.3400 1.0000 0.8344 0.1656 0.0472 0.0472
4.3500 1.0000 0.8351 0.1649 0.0470 0.0470
4.3600 1.0000 0.8358 0.1642 0.0468 0.0468
4.3700 1.0000 0.8365 0.1635 0.0466 0.0466
4.3800 1.0000 0.8372 0.1628 0.0464 0.0464
4.3900 1.0000 0.8379 0.1621 0.0462 0.0462
4.4000 1.0000 0.8386 0.1614 0.0460 0.0460
4.4100 1.0000 0.8392 0.1608 0.0458 0.0458
4.4200 1.0000 0.8399 0.1601 0.0456 0.0456
4.4300 1.0000 0.8406 0.1594 0.0454 0.0454
4.4400 1.0000 0.8413 0.1587 0.0452 0.0452
4.4500 1.0000 0.8420 0.1580 0.0450 0.0450
4.4600 1.0000 0.8426 0.1574 0.0448 0.0448
4.4700 1.0000 0.8433 0.1567 0.0447 0.0447
4.4800 1.0000 0.8440 0.1560 0.0445 0.0445
4.4900 1.0000 0.8447 0.1553 0.0443 0.0443
4.5000 1.0000 0.8453 0.1547 0.0441 0.0441
4.5100 1.0000 0.8460 0.1540 0.0439 0.0439
4.5200 1.0000 0.8466 0.1534 0.0437 0.0437
4.5300 1.0000 0.8473 0.1527 0.0435 0.0435
4.5400 1.0000 0.8479 0.1521 0.0433 0.0433
4.5500 1.0000 0.8486 0.1514 0.0431 0.0431
4.5600 1.0000 0.8492 0.1508 0.0430 0.0430
4.5700 1.0000 0.8499 0.1501 0.0428 0.0428
4.5800 1.0000 0.8505 0.1495 0.0426 0.0426
4.5900 1.0000 0.8512 0.1488 0.0424 0.0424
4.6000 1.0000 0.8518 0.1482 0.0422 0.0422
4.6100 1.0000 0.8524 0.1476 0.0421 0.0421
4.6200 1.0000 0.8531 0.1469 0.0419 0.0419
4.6300 1.0000 0.8537 0.1463 0.0417 0.0417
4.6400 1.0000 0.8543 0.1457 0.0415 0.0415
4.6500 1.0000 0.8549 0.1451 0.0413 0.0413
4.6600 1.0000 0.8556 0.1444 0.0412 0.0412
4.6700 1.0000 0.8562 0.1438 0.0410 0.0410
4.6800 1.0000 0.8568 0.1432 0.0408 0.0408
4.6900 1.0000 0.8574 0.1426 0.0406 0.0406
4.7000 1.0000 0.8580 0.1420 0.0405 0.0405
4.7100 1.0000 0.8586 0.1414 0.0403 0.0403
4.7200 1.0000 0.8592 0.1408 0.0401 0.0401
4.7300 1.0000 0.8598 0.1402 0.0400 0.0400
4.7400 1.0000 0.8604 0.1396 0.0398 0.0398
4.7500 1.0000 0.8610 0.1390 0.0396 0.0396
4.7600 1.0000 0.8616 0.1384 0.0394 0.0394
4.7700 1.0000 0.8622 0.1378 0.0393 0.0393
4.7800 1.0000 0.8628 0.1372 0.0391 0.0391
4.7900 1.0000 0.8634 0.1366 0.0389 0.0389
4.8000 1.0000 0.8640 0.1360 0.0388 0.0388
4.8100 1.0000 0.8645 0.1355 0.0386 0.0386
4.8200 1.0000 0.8651 0.1349 0.0384 0.0384
4.8300 1.0000 0.8657 0.1343 0.0383 0.0383
4.8400 1.0000 0.8663 0.1337 0.0381 0.0381
4.8500 1.0000 0.8668 0.1332 0.0380 0.0380
4.8600 1.0000 0.8674 0.1326 0.0378 0.0378
4.8700 1.0000 0.8680 0.1320 0.0376 0.0376
4.8800 1.0000 0.8685 0.1315 0.0375 0.0375
4.8900 1.0000 0.8691 0.1309 0.0373 0.0373
4.9000 1.0000 0.8696 0.1304 0.0371 0.0371
4.9100 1.0000 0.8702 0.1298 0.0370 0.0370
4.9200 1.0000 0.8708 0.1292 0.0368 0.0368
4.9300 1.0000 0.8713 0.1287 0.0367 0.0367
4.9400 1.0000 0.8719 0.1281 0.0365 0.0365
4.9500 1.0000 0.8724 0.1276 0.0364 0.0364
4.9600 1.0000 0.8730 0.1270 0.0362 0.0362
4.9700 1.0000 0.8735 0.1265 0.0361 0.0361
4.9800 1.0000 0.8740 0.1260 0.0359 0.0359
4.9900 1.0000 0.8746 0.1254 0.0357 0.0357
5.0000 1.0000 0.8751 0.1249 0.0356 0.0356
5.0100 1.0000 0.8756 0.1244 0.0354 0.0354
5.0200 1.0000 0.8762 0.1238 0.0353 0.0353
5.0300 1.0000 0.8767 0.1233 0.0351 0.0351
5.0400 1.0000 0.8772 0.1228 0.0350 0.0350
5.0500 1.0000 0.8778 0.1222 0.0348 0.0348
5.0600 1.0000 0.8783 0.1217 0.0347 0.0347
5.0700 1.0000 0.8788 0.1212 0.0345 0.0345
5.0800 1.0000 0.8793 0.1207 0.0344 0.0344
5.0900 1.0000 0.8798 0.1202 0.0342 0.0342
5.1000 1.0000 0.8803 0.1197 0.0341 0.0341
5.1100 1.0000 0.8808 0.1192 0.0340 0.0340
5.1200 1.0000 0.8814 0.1186 0.0338 0.0338
5.1300 1.0000 0.8819 0.1181 0.0337 0.0337
5.1400 1.0000 0.8824 0.1176 0.0335 0.0335
5.1500 1.0000 0.8829 0.1171 0.0334 0.0334
5.1600 1.0000 0.8834 0.1166 0.0332 0.0332
5.1700 1.0000 0.8839 0.1161 0.0331 0.0331
5.1800 1.0000 0.8844 0.1156 0.0330 0.0330
5.1900 1.0000 0.8849 0.1151 0.0328 0.0328
5.2000 1.0000 0.8854 0.1146 0.0327 0.0327
5.2100 1.0000 0.8858 0.1142 0.0325 0.0325
5.2200 1.0000 0.8863 0.1137 0.0324 0.0324
5.2300 1.0000 0.8868 0.1132 0.0323 0.0323
5.2400 1.0000 0.8873 0.1127 0.0321 0.0321
5.2500 1.0000 0.8878 0.1122 0.0320 0.0320
5.2600 1.0000 0.8883 0.1117 0.0318 0.0318
5.2700 1.0000 0.8887 0.1113 0.0317 0.0317
5.2800 1.0000 0.8892 0.1108 0.0316 0.0316
5.2900 1.0000 0.8897 0.1103 0.0314 0.0314
5.3000 1.0000 0.8902 0.1098 0.0313 0.0313
5.3100 1.0000 0.8906 0.1094 0.0312 0.0312
5.3200 1.0000 0.8911 0.1089 0.0310 0.0310
5.3300 1.0000 0.8916 0.1084 0.0309 0.0309
5.3400 1.0000 0.8920 0.1080 0.0308 0.0308
5.3500 1.0000 0.8925 0.1075 0.0306 0.0306
5.3600 1.0000 0.8929 0.1071 0.0305 0.0305
5.3700 1.0000 0.8934 0.1066 0.0304 0.0304
5.3800 1.0000 0.8938 0.1062 0.0303 0.0303
5.3900 1.0000 0.8943 0.1057 0.0301 0.0301
5.4000 1.0000 0.8948 0.1052 0.0300 0.0300
5.4100 1.0000 0.8952 0.1048 0.0299 0.0299
5.4200 1.0000 0.8956 0.1044 0.0297 0.0297
5.4300 1.0000 0.8961 0.1039 0.0296 0.0296
5.4400 1.0000 0.8965 0.1035 0.0295 0.0295
5.4500 1.0000 0.8970 0.1030 0.0294 0.0294
5.4600 1.0000 0.8974 0.1026 0.0292 0.0292
5.4700 1.0000 0.8979 0.1021 0.0291 0.0291
5.4800 1.0000 0.8983 0.1017 0.0290 0.0290
5.4900 1.0000 0.8987 0.1013 0.0289 0.0289
5.5000 1.0000 0.8992 0.1008 0.0287 0.0287
5.5100 1.0000 0.8996 0.1004 0.0286 0.0286
5.5200 1.0000 0.9000 0.1000 0.0285 0.0285
5.5300 1.0000 0.9004 0.0996 0.0284 0.0284
5.5400 1.0000 0.9009 0.0991 0.0282 0.0282
5.5500 1.0000 0.9013 0.0987 0.0281 0.0281
5.5600 1.0000 0.9017 0.0983 0.0280 0.0280
5.5700 1.0000 0.9021 0.0979 0.0279 0.0279
5.5800 1.0000 0.9026 0.0974 0.0278 0.0278
5.5900 1.0000 0.9030 0.0970 0.0277 0.0277
5.6000 1.0000 0.9034 0.0966 0.0275 0.0275
5.6100 1.0000 0.9038 0.0962 0.0274 0.0274
5.6200 1.0000 0.9042 0.0958 0.0273 0.0273
5.6300 1.0000 0.9046 0.0954 0.0272 0.0272
5.6400 1.0000 0.9050 0.0950 0.0271 0.0271
5.6500 1.0000 0.9054 0.0946 0.0270 0.0270
5.6600 1.0000 0.9058 0.0942 0.0268 0.0268
5.6700 1.0000 0.9062 0.0938 0.0267 0.0267
5.6800 1.0000 0.9066 0.0934 0.0266 0.0266
5.6900 1.0000 0.9070 0.0930 0.0265 0.0265
5.7000 1.0000 0.9074 0.0926 0.0264 0.0264
5.7100 1.0000 0.9078 0.0922 0.0263 0.0263
5.7200 1.0000 0.9082 0.0918 0.0262 0.0262
5.7300 1.0000 0.9086 0.0914 0.0260 0.0260
5.7400 1.0000 0.9090 0.0910 0.0259 0.0259
5.7500 1.0000 0.9094 0.0906 0.0258 0.0258
5.7600 1.0000 0.9098 0.0902 0.0257 0.0257
5.7700 1.0000 0.9102 0.0898 0.0256 0.0256
5.7800 1.0000 0.9105 0.0895 0.0255 0.0255
5.7900 1.0000 0.9109 0.0891 0.0254 0.0254
5.8000 1.0000 0.9113 0.0887 0.0253 0.0253
5.8100 1.0000 0.9117 0.0883 0.0252 0.0252
5.8200 1.0000 0.9121 0.0879 0.0251 0.0251
5.8300 1.0000 0.9124 0.0876 0.0250 0.0250
5.8400 1.0000 0.9128 0.0872 0.0248 0.0248
5.8500 1.0000 0.9132 0.0868 0.0247 0.0247
5.8600 1.0000 0.9136 0.0864 0.0246 0.0246
5.8700 1.0000 0.9139 0.0861 0.0245 0.0245
5.8800 1.0000 0.9143 0.0857 0.0244 0.0244
5.8900 1.0000 0.9147 0.0853 0.0243 0.0243
5.9000 1.0000 0.9150 0.0850 0.0242 0.0242
5.9100 1.0000 0.9154 0.0846 0.0241 0.0241
5.9200 1.0000 0.9157 0.0843 0.0240 0.0240
5.9300 1.0000 0.9161 0.0839 0.0239 0.0239
5.9400 1.0000 0.9165 0.0835 0.0238 0.0238
5.9500 1.0000 0.9168 0.0832 0.0237 0.0237
5.9600 1.0000 0.9172 0.0828 0.0236 0.0236
5.9700 1.0000 0.9175 0.0825 0.0235 0.0235
5.9800 1.0000 0.9179 0.0821 0.0234 0.0234
5.9900 1.0000 0.9182 0.0818 0.0233 0.0233
6.0000 1.0000 0.9186 0.0814 0.0232 0.0232
6.0100 1.0000 0.9189 0.0811 0.0231 0.0231
6.0200 1.0000 0.9193 0.0807 0.0230 0.0230
6.0300 1.0000 0.9196 0.0804 0.0229 0.0229
6.0400 1.0000 0.9200 0.0800 0.0228 0.0228
6.0500 1.0000 0.9203 0.0797 0.0227 0.0227
6.0600 1.0000 0.9206 0.0794 0.0226 0.0226
6.0700 1.0000 0.9210 0.0790 0.0225 0.0225
6.0800 1.0000 0.9213 0.0787 0.0224 0.0224
6.0900 1.0000 0.9217 0.0783 0.0223 0.0223
6.1000 1.0000 0.9220 0.0780 0.0222 0.0222
6.1100 1.0000 0.9223 0.0777 0.0221 0.0221
6.1200 1.0000 0.9227 0.0773 0.0220 0.0220
6.1300 1.0000 0.9230 0.0770 0.0219 0.0219
6.1400 1.0000 0.9233 0.0767 0.0219 0.0219
6.1500 1.0000 0.9236 0.0764 0.0218 0.0218
6.1600 1.0000 0.9240 0.0760 0.0217 0.0217
6.1700 1.0000 0.9243 0.0757 0.0216 0.0216
6.1800 1.0000 0.9246 0.0754 0.0215 0.0215
6.1900 1.0000 0.9249 0.0751 0.0214 0.0214
6.2000 1.0000 0.9253 0.0747 0.0213 0.0213
6.2100 1.0000 0.9256 0.0744 0.0212 0.0212
6.2200 1.0000 0.9259 0.0741 0.0211 0.0211
6.2300 1.0000 0.9262 0.0738 0.0210 0.0210
6.2400 1.0000 0.9265 0.0735 0.0209 0.0209
6.2500 1.0000 0.9268 0.0732 0.0208 0.0208
6.2600 1.0000 0.9272 0.0728 0.0208 0.0208
6.2700 1.0000 0.9275 0.0725 0.0207 0.0207
6.2800 1.0000 0.9278 0.0722 0.0206 0.0206
6.2900 1.0000 0.9281 0.0719 0.0205 0.0205
6.3000 1.0000 0.9284 0.0716 0.0204 0.0204
6.3100 1.0000 0.9287 0.0713 0.0203 0.0203
6.3200 1.0000 0.9290 0.0710 0.0202 0.0202
6.3300 1.0000 0.9293 0.0707 0.0201 0.0201
6.3400 1.0000 0.9296 0.0704 0.0201 0.0201
6.3500 1.0000 0.9299 0.0701 0.0200 0.0200
6.3600 1.0000 0.9302 0.0698 0.0199 0.0199
6.3700 1.0000 0.9305 0.0695 0.0198 0.0198
6.3800 1.0000 0.9308 0.0692 0.0197 0.0197
6.3900 1.0000 0.9311 0.0689 0.0196 0.0196
6.4000 1.0000 0.9314 0.0686 0.0196 0.0196
6.4100 1.0000 0.9317 0.0683 0.0195 0.0195
6.4200 1.0000 0.9320 0.0680 0.0194 0.0194
6.4300 1.0000 0.9323 0.0677 0.0193 0.0193
6.4400 1.0000 0.9326 0.0674 0.0192 0.0192
6.4500 1.0000 0.9328 0.0672 0.0191 0.0191
6.4600 1.0000 0.9331 0.0669 0.0191 0.0191
6.4700 1.0000 0.9334 0.0666 0.0190 0.0190
6.4800 1.0000 0.9337 0.0663 0.0189 0.0189
6.4900 1.0000 0.9340 0.0660 0.0188 0.0188
6.5000 1.0000 0.9343 0.0657 0.0187 0.0187
6.5100 1.0000 0.9345 0.0655 0.0187 0.0187
6.5200 1.0000 0.9348 0.0652 0.0186 0.0186
6.5300 1.0000 0.9351 0.0649 0.0185 0.0185
6.5400 1.0000 0.9354 0.0646 0.0184 0.0184
6.5500 1.0000 0.9357 0.0643 0.0183 0.0183
6.5600 1.0000 0.9359 0.0641 0.0183 0.0183
6.5700 1.0000 0.9362 0.0638 0.0182 0.0182
6.5800 1.0000 0.9365 0.0635 0.0181 0.0181
6.5900 1.0000 0.9367 0.0633 0.0180 0.0180
6.6000 1.0000 0.9370 0.0630 0.0179 0.0179
6.6100 1.0000 0.9373 0.0627 0.0179 0.0179
6.6200 1.0000 0.9376 0.0624 0.0178 0.0178
6.6300 1.0000 0.9378 0.0622 0.0177 0.0177
6.6400 1.0000 0.9381 0.0619 0.0176 0.0176
6.6500 1.0000 0.9383 0.0617 0.0176 0.0176
6.6600 1.0000 0.9386 0.0614 0.0175 0.0175
6.6700 1.0000 0.9389 0.0611 0.0174 0.0174
6.6800 1.0000 0.9391 0.0609 0.0173 0.0173
6.6900 1.0000 0.9394 0.0606 0.0173 0.0173
6.7000 1.0000 0.9397 0.0603 0.0172 0.0172
6.7100 1.0000 0.9399 0.0601 0.0171 0.0171
6.7200 1.0000 0.9402 0.0598 0.0171 0.0171
6.7300 1.0000 0.9404 0.0596 0.0170 0.0170
6.7400 1.0000 0.9407 0.0593 0.0169 0.0169
6.7500 1.0000 0.9409 0.0591 0.0168 0.0168
6.7600 1.0000 0.9412 0.0588 0.0168 0.0168
6.7700 1.0000 0.9414 0.0586 0.0167 0.0167
6.7800 1.0000 0.9417 0.0583 0.0166 0.0166
6.7900 1.0000 0.9419 0.0581 0.0165 0.0165
6.8000 1.0000 0.9422 0.0578 0.0165 0.0165
6.8100 1.0000 0.9424 0.0576 0.0164 0.0164
6.8200 1.0000 0.9427 0.0573 0.0163 0.0163
6.8300 1.0000 0.9429 0.0571 0.0163 0.0163
6.8400 1.0000 0.9432 0.0568 0.0162 0.0162
6.8500 1.0000 0.9434 0.0566 0.0161 0.0161
6.8600 1.0000 0.9436 0.0564 0.0161 0.0161
6.8700 1.0000 0.9439 0.0561 0.0160 0.0160
6.8800 1.0000 0.9441 0.0559 0.0159 0.0159
6.8900 1.0000 0.9444 0.0556 0.0159 0.0159
6.9000 1.0000 0.9446 0.0554 0.0158 0.0158
6.9100 1.0000 0.9448 0.0552 0.0157 0.0157
6.9200 1.0000 0.9451 0.0549 0.0157 0.0157
6.9300 1.0000 0.9453 0.0547 0.0156 0.0156
6.9400 1.0000 0.9455 0.0545 0.0155 0.0155
6.9500 1.0000 0.9458 0.0542 0.0155 0.0155
6.9600 1.0000 0.9460 0.0540 0.0154 0.0154
6.9700 1.0000 0.9462 0.0538 0.0153 0.0153
6.9800 1.0000 0.9465 0.0535 0.0153 0.0153
6.9900 1.0000 0.9467 0.0533 0.0152 0.0152
7.0000 1.0000 0.9469 0.0531 0.0151 0.0151
7.0100 1.0000 0.9471 0.0529 0.0151 0.0151
7.0200 1.0000 0.9474 0.0526 0.0150 0.0150
7.0300 1.0000 0.9476 0.0524 0.0149 0.0149
7.0400 1.0000 0.9478 0.0522 0.0149 0.0149
7.0500 1.0000 0.9480 0.0520 0.0148 0.0148
7.0600 1.0000 0.9483 0.0517 0.0147 0.0147
7.0700 1.0000 0.9485 0.0515 0.0147 0.0147
7.0800 1.0000 0.9487 0.0513 0.0146 0.0146
7.0900 1.0000 0.9489 0.0511 0.0146 0.0146
7.1000 1.0000 0.9491 0.0509 0.0145 0.0145
7.1100 1.0000 0.9494 0.0506 0.0144 0.0144
7.1200 1.0000 0.9496 0.0504 0.0144 0.0144
7.1300 1.0000 0.9498 0.0502 0.0143 0.0143
7.1400 1.0000 0.9500 0.0500 0.0142 0.0142
7.1500 1.0000 0.9502 0.0498 0.0142 0.0142
7.1600 1.0000 0.9504 0.0496 0.0141 0.0141
7.1700 1.0000 0.9506 0.0494 0.0141 0.0141
7.1800 1.0000 0.9509 0.0491 0.0140 0.0140
7.1900 1.0000 0.9511 0.0489 0.0139 0.0139
7.2000 1.0000 0.9513 0.0487 0.0139 0.0139
7.2100 1.0000 0.9515 0.0485 0.0138 0.0138
7.2200 1.0000 0.9517 0.0483 0.0138 0.0138
7.2300 1.0000 0.9519 0.0481 0.0137 0.0137
7.2400 1.0000 0.9521 0.0479 0.0137 0.0137
7.2500 1.0000 0.9523 0.0477 0.0136 0.0136
7.2600 1.0000 0.9525 0.0475 0.0135 0.0135
7.2700 1.0000 0.9527 0.0473 0.0135 0.0135
7.2800 1.0000 0.9529 0.0471 0.0134 0.0134
7.2900 1.0000 0.9531 0.0469 0.0134 0.0134
7.3000 1.0000 0.9533 0.0467 0.0133 0.0133
7.3100 1.0000 0.9535 0.0465 0.0132 0.0132
7.3200 1.0000 0.9537 0.0463 0.0132 0.0132
7.3300 1.0000 0.9539 0.0461 0.0131 0.0131
7.3400 1.0000 0.9541 0.0459 0.0131 0.0131
7.3500 1.0000 0.9543 0.0457 0.0130 0.0130
7.3600 1.0000 0.9545 0.0455 0.0130 0.0130
7.3700 1.0000 0.9547 0.0453 0.0129 0.0129
7.3800 1.0000 0.9549 0.0451 0.0129 0.0129
7.3900 1.0000 0.9551 0.0449 0.0128 0.0128
7.4000 1.0000 0.9553 0.0447 0.0127 0.0127
7.4100 1.0000 0.9555 0.0445 0.0127 0.0127
7.4200 1.0000 0.9557 0.0443 0.0126 0.0126
7.4300 1.0000 0.9558 0.0442 0.0126 0.0126
7.4400 1.0000 0.9560 0.0440 0.0125 0.0125
7.4500 1.0000 0.9562 0.0438 0.0125 0.0125
7.4600 1.0000 0.9564 0.0436 0.0124 0.0124
7.4700 1.0000 0.9566 0.0434 0.0124 0.0124
7.4800 1.0000 0.9568 0.0432 0.0123 0.0123
7.4900 1.0000 0.9570 0.0430 0.0123 0.0123
7.5000 1.0000 0.9571 0.0429 0.0122 0.0122
7.5100 1.0000 0.9573 0.0427 0.0122 0.0122
7.5200 1.0000 0.9575 0.0425 0.0121 0.0121
7.5300 1.0000 0.9577 0.0423 0.0121 0.0121
7.5400 1.0000 0.9579 0.0421 0.0120 0.0120
7.5500 1.0000 0.9581 0.0419 0.0120 0.0120
7.5600 1.0000 0.9582 0.0418 0.0119 0.0119
7.5700 1.0000 0.9584 0.0416 0.0119 0.0119
7.5800 1.0000 0.9586 0.0414 0.0118 0.0118
7.5900 1.0000 0.9588 0.0412 0.0118 0.0118
7.6000 1.0000 0.9589 0.0411 0.0117 0.0117
7.6100 1.0000 0.9591 0.0409 0.0117 0.0117
7.6200 1.0000 0.9593 0.0407 0.0116 0.0116
7.6300 1.0000 0.9595 0.0405 0.0116 0.0116
7.6400 1.0000 0.9596 0.0404 0.0115 0.0115
7.6500 1.0000 0.9598 0.0402 0.0115 0.0115
7.6600 1.0000 0.9600 0.0400 0.0114 0.0114
7.6700 1.0000 0.9602 0.0398 0.0114 0.0114
7.6800 1.0000 0.9603 0.0397 0.0113 0.0113
7.6900 1.0000 0.9605 0.0395 0.0113 0.0113
7.7000 1.0000 0.9607 0.0393 0.0112 0.0112
7.7100 1.0000 0.9608 0.0392 0.0112 0.0112
7.7200 1.0000 0.9610 0.0390 0.0111 0.0111
7.7300 1.0000 0.9612 0.0388 0.0111 0.0111
7.7400 1.0000 0.9613 0.0387 0.0110 0.0110
7.7500 1.0000 0.9615 0.0385 0.0110 0.0110
7.7600 1.0000 0.9617 0.0383 0.0109 0.0109
7.7700 1.0000 0.9618 0.0382 0.0109 0.0109
7.7800 1.0000 0.9620 0.0380 0.0108 0.0108
7.7900 1.0000 0.9621 0.0379 0.0108 0.0108
7.8000 1.0000 0.9623 0.0377 0.0107 0.0107
7.8100 1.0000 0.9625 0.0375 0.0107 0.0107
7.8200 1.0000 0.9626 0.0374 0.0107 0.0107
7.8300 1.0000 0.9628 0.0372 0.0106 0.0106
7.8400 1.0000 0.9629 0.0371 0.0106 0.0106
7.8500 1.0000 0.9631 0.0369 0.0105 0.0105
7.8600 1.0000 0.9633 0.0367 0.0105 0.0105
7.8700 1.0000 0.9634 0.0366 0.0104 0.0104
7.8800 1.0000 0.9636 0.0364 0.0104 0.0104
7.8900 1.0000 0.9637 0.0363 0.0103 0.0103
7.9000 1.0000 0.9639 0.0361 0.0103 0.0103
7.9100 1.0000 0.9640 0.0360 0.0102 0.0102
7.9200 1.0000 0.9642 0.0358 0.0102 0.0102
7.9300 1.0000 0.9643 0.0357 0.0102 0.0102
7.9400 1.0000 0.9645 0.0355 0.0101 0.0101
7.9500 1.0000 0.9646 0.0354 0.0101 0.0101
7.9600 1.0000 0.9648 0.0352 0.0100 0.0100
7.9700 1.0000 0.9650 0.0350 0.0100 0.0100
7.9800 1.0000 0.9651 0.0349 0.0099 0.0099
7.9900 1.0000 0.9652 0.0348 0.0099 0.0099
8.0000 1.0000 0.9654 0.0346 0.0099 0.0099
8.0100 1.0000 0.9655 0.0345 0.0098 0.0098
8.0200 1.0000 0.9657 0.0343 0.0098 0.0098
8.0300 1.0000 0.9658 0.0342 0.0097 0.0097
8.0400 1.0000 0.9660 0.0340 0.0097 0.0097
8.0500 1.0000 0.9661 0.0339 0.0097 0.0097
8.0600 1.0000 0.9663 0.0337 0.0096 0.0096
8.0700 1.0000 0.9664 0.0336 0.0096 0.0096
8.0800 1.0000 0.9666 0.0334 0.0095 0.0095
8.0900 1.0000 0.9667 0.0333 0.0095 0.0095
8.1000 1.0000 0.9668 0.0332 0.0094 0.0094
8.1100 1.0000 0.9670 0.0330 0.0094 0.0094
8.1200 1.0000 0.9671 0.0329 0.0094 0.0094
8.1300 1.0000 0.9673 0.0327 0.0093 0.0093
8.1400 1.0000 0.9674 0.0326 0.0093 0.0093
8.1500 1.0000 0.9675 0.0325 0.0092 0.0092
8.1600 1.0000 0.9677 0.0323 0.0092 0.0092
8.1700 1.0000 0.9678 0.0322 0.0092 0.0092
8.1800 1.0000 0.9680 0.0320 0.0091 0.0091
8.1900 1.0000 0.9681 0.0319 0.0091 0.0091
8.2000 1.0000 0.9682 0.0318 0.0091 0.0091
8.2100 1.0000 0.9684 0.0316 0.0090 0.0090
8.2200 1.0000 0.9685 0.0315 0.0090 0.0090
8.2300 1.0000 0.9686 0.0314 0.0089 0.0089
8.2400 1.0000 0.9688 0.0312 0.0089 0.0089
8.2500 1.0000 0.9689 0.0311 0.0089 0.0089
8.2600 1.0000 0.9690 0.0310 0.0088 0.0088
8.2700 1.0000 0.9692 0.0308 0.0088 0.0088
8.2800 1.0000 0.9693 0.0307 0.0087 0.0087
8.2900 1.0000 0.9694 0.0306 0.0087 0.0087
8.3000 1.0000 0.9696 0.0304 0.0087 0.0087
8.3100 1.0000 0.9697 0.0303 0.0086 0.0086
8.3200 1.0000 0.9698 0.0302 0.0086 0.0086
8.3300 1.0000 0.9700 0.0300 0.0086 0.0086
8.3400 1.0000 0.9701 0.0299 0.0085 0.0085
8.3500 1.0000 0.9702 0.0298 0.0085 0.0085
8.3600 1.0000 0.9703 0.0297 0.0085 0.0085
8.3700 1.0000 0.9705 0.0295 0.0084 0.0084
8.3800 1.0000 0.9706 0.0294 0.0084 0.0084
8.3900 1.0000 0.9707 0.0293 0.0083 0.0083
8.4000 1.0000 0.9708 0.0292 0.0083 0.0083
8.4100 1.0000 0.9710 0.0290 0.0083 0.0083
8.4200 1.0000 0.9711 0.0289 0.0082 0.0082
8.4300 1.0000 0.9712 0.0288 0.0082 0.0082
8.4400 1.0000 0.9713 0.0287 0.0082 0.0082
8.4500 1.0000 0.9715 0.0285 0.0081 0.0081
8.4600 1.0000 0.9716 0.0284 0.0081 0.0081
8.4700 1.0000 0.9717 0.0283 0.0081 0.0081
8.4800 1.0000 0.9718 0.0282 0.0080 0.0080
8.4900 1.0000 0.9719 0.0281 0.0080 0.0080
8.5000 1.0000 0.9721 0.0279 0.0080 0.0080
8.5100 1.0000 0.9722 0.0278 0.0079 0.0079
8.5200 1.0000 0.9723 0.0277 0.0079 0.0079
8.5300 1.0000 0.9724 0.0276 0.0079 0.0079
8.5400 1.0000 0.9725 0.0275 0.0078 0.0078
8.5500 1.0000 0.9727 0.0273 0.0078 0.0078
8.5600 1.0000 0.9728 0.0272 0.0078 0.0078
8.5700 1.0000 0.9729 0.0271 0.0077 0.0077
8.5800 1.0000 0.9730 0.0270 0.0077 0.0077
8.5900 1.0000 0.9731 0.0269 0.0077 0.0077
8.6000 1.0000 0.9732 0.0268 0.0076 0.0076
8.6100 1.0000 0.9733 0.0267 0.0076 0.0076
8.6200 1.0000 0.9735 0.0265 0.0076 0.0076
8.6300 1.0000 0.9736 0.0264 0.0075 0.0075
8.6400 1.0000 0.9737 0.0263 0.0075 0.0075
8.6500 1.0000 0.9738 0.0262 0.0075 0.0075
8.6600 1.0000 0.9739 0.0261 0.0074 0.0074
8.6700 1.0000 0.9740 0.0260 0.0074 0.0074
8.6800 1.0000 0.9741 0.0259 0.0074 0.0074
8.6900 1.0000 0.9742 0.0258 0.0073 0.0073
8.7000 1.0000 0.9744 0.0256 0.0073 0.0073
8.7100 1.0000 0.9745 0.0255 0.0073 0.0073
8.7200 1.0000 0.9746 0.0254 0.0072 0.0072
8.7300 1.0000 0.9747 0.0253 0.0072 0.0072
8.7400 1.0000 0.9748 0.0252 0.0072 0.0072
8.7500 1.0000 0.9749 0.0251 0.0072 0.0072
8.7600 1.0000 0.9750 0.0250 0.0071 0.0071
8.7700 1.0000 0.9751 0.0249 0.0071 0.0071
8.7800 1.0000 0.9752 0.0248 0.0071 0.0071
8.7900 1.0000 0.9753 0.0247 0.0070 0.0070
8.8000 1.0000 0.9754 0.0246 0.0070 0.0070
8.8100 1.0000 0.9755 0.0245 0.0070 0.0070
8.8200 1.0000 0.9756 0.0244 0.0069 0.0069
8.8300 1.0000 0.9757 0.0243 0.0069 0.0069
8.8400 1.0000 0.9758 0.0242 0.0069 0.0069
8.8500 1.0000 0.9759 0.0241 0.0069 0.0069
8.8600 1.0000 0.9760 0.0240 0.0068 0.0068
8.8700 1.0000 0.9762 0.0238 0.0068 0.0068
8.8800 1.0000 0.9763 0.0237 0.0068 0.0068
8.8900 1.0000 0.9764 0.0236 0.0067 0.0067
8.9000 1.0000 0.9765 0.0235 0.0067 0.0067
8.9100 1.0000 0.9766 0.0234 0.0067 0.0067
8.9200 1.0000 0.9767 0.0233 0.0067 0.0067
8.9300 1.0000 0.9768 0.0232 0.0066 0.0066
8.9400 1.0000 0.9769 0.0231 0.0066 0.0066
8.9500 1.0000 0.9770 0.0230 0.0066 0.0066
8.9600 1.0000 0.9771 0.0229 0.0065 0.0065
8.9700 1.0000 0.9772 0.0228 0.0065 0.0065
8.9800 1.0000 0.9772 0.0228 0.0065 0.0065
8.9900 1.0000 0.9773 0.0227 0.0065 0.0065
9.0000 1.0000 0.9774 0.0226 0.0064 0.0064
9.0100 1.0000 0.9775 0.0225 0.0064 0.0064
9.0200 1.0000 0.9776 0.0224 0.0064 0.0064
9.0300 1.0000 0.9777 0.0223 0.0063 0.0063
9.0400 1.0000 0.9778 0.0222 0.0063 0.0063
9.0500 1.0000 0.9779 0.0221 0.0063 0.0063
9.0600 1.0000 0.9780 0.0220 0.0063 0.0063
9.0700 1.0000 0.9781 0.0219 0.0062 0.0062
9.0800 1.0000 0.9782 0.0218 0.0062 0.0062
9.0900 1.0000 0.9783 0.0217 0.0062 0.0062
9.1000 1.0000 0.9784 0.0216 0.0062 0.0062
9.1100 1.0000 0.9785 0.0215 0.0061 0.0061
9.1200 1.0000 0.9786 0.0214 0.0061 0.0061
9.1300 1.0000 0.9787 0.0213 0.0061 0.0061
9.1400 1.0000 0.9788 0.0212 0.0061 0.0061
9.1500 1.0000 0.9788 0.0212 0.0060 0.0060
9.1600 1.0000 0.9789 0.0211 0.0060 0.0060
9.1700 1.0000 0.9790 0.0210 0.0060 0.0060
9.1800 1.0000 0.9791 0.0209 0.0060 0.0060
9.1900 1.0000 0.9792 0.0208 0.0059 0.0059
9.2000 1.0000 0.9793 0.0207 0.0059 0.0059
9.2100 1.0000 0.9794 0.0206 0.0059 0.0059
9.2200 1.0000 0.9795 0.0205 0.0059 0.0059
9.2300 1.0000 0.9796 0.0204 0.0058 0.0058
9.2400 1.0000 0.9796 0.0204 0.0058 0.0058
9.2500 1.0000 0.9797 0.0203 0.0058 0.0058
9.2600 1.0000 0.9798 0.0202 0.0058 0.0058
9.2700 1.0000 0.9799 0.0201 0.0057 0.0057
9.2800 1.0000 0.9800 0.0200 0.0057 0.0057
9.2900 1.0000 0.9801 0.0199 0.0057 0.0057
9.3000 1.0000 0.9802 0.0198 0.0057 0.0057
9.3100 1.0000 0.9802 0.0198 0.0056 0.0056
9.3200 1.0000 0.9803 0.0197 0.0056 0.0056
9.3300 1.0000 0.9804 0.0196 0.0056 0.0056
9.3400 1.0000 0.9805 0.0195 0.0056 0.0056
9.3500 1.0000 0.9806 0.0194 0.0055 0.0055
9.3600 1.0000 0.9807 0.0193 0.0055 0.0055
9.3700 1.0000 0.9807 0.0193 0.0055 0.0055
9.3800 1.0000 0.9808 0.0192 0.0055 0.0055
9.3900 1.0000 0.9809 0.0191 0.0054 0.0054
9.4000 1.0000 0.9810 0.0190 0.0054 0.0054
9.4100 1.0000 0.9811 0.0189 0.0054 0.0054
9.4200 1.0000 0.9812 0.0188 0.0054 0.0054
9.4300 1.0000 0.9812 0.0188 0.0053 0.0053
9.4400 1.0000 0.9813 0.0187 0.0053 0.0053
9.4500 1.0000 0.9814 0.0186 0.0053 0.0053
9.4600 1.0000 0.9815 0.0185 0.0053 0.0053
9.4700 1.0000 0.9816 0.0184 0.0053 0.0053
9.4800 1.0000 0.9816 0.0184 0.0052 0.0052
9.4900 1.0000 0.9817 0.0183 0.0052 0.0052
9.5000 1.0000 0.9818 0.0182 0.0052 0.0052
9.5100 1.0000 0.9819 0.0181 0.0052 0.0052
9.5200 1.0000 0.9819 0.0181 0.0051 0.0051
9.5300 1.0000 0.9820 0.0180 0.0051 0.0051
9.5400 1.0000 0.9821 0.0179 0.0051 0.0051
9.5500 1.0000 0.9822 0.0178 0.0051 0.0051
9.5600 1.0000 0.9822 0.0178 0.0051 0.0051
9.5700 1.0000 0.9823 0.0177 0.0050 0.0050
9.5800 1.0000 0.9824 0.0176 0.0050 0.0050
9.5900 1.0000 0.9825 0.0175 0.0050 0.0050
9.6000 1.0000 0.9825 0.0175 0.0050 0.0050
9.6100 1.0000 0.9826 0.0174 0.0050 0.0050
9.6200 1.0000 0.9827 0.0173 0.0049 0.0049
9.6300 1.0000 0.9828 0.0172 0.0049 0.0049
9.6400 1.0000 0.9828 0.0172 0.0049 0.0049
9.6500 1.0000 0.9829 0.0171 0.0049 0.0049
9.6600 1.0000 0.9830 0.0170 0.0048 0.0048
9.6700 1.0000 0.9831 0.0169 0.0048 0.0048
9.6800 1.0000 0.9831 0.0169 0.0048 0.0048
9.6900 1.0000 0.9832 0.0168 0.0048 0.0048
9.7000 1.0000 0.9833 0.0167 0.0048 0.0048
9.7100 1.0000 0.9834 0.0166 0.0047 0.0047
9.7200 1.0000 0.9834 0.0166 0.0047 0.0047
9.7300 1.0000 0.9835 0.0165 0.0047 0.0047
9.7400 1.0000 0.9836 0.0164 0.0047 0.0047
9.7500 1.0000 0.9836 0.0164 0.0047 0.0047
9.7600 1.0000 0.9837 0.0163 0.0046 0.0046
9.7700 1.0000 0.9838 0.0162 0.0046 0.0046
9.7800 1.0000 0.9838 0.0162 0.0046 0.0046
9.7900 1.0000 0.9839 0.0161 0.0046 0.0046
9.8000 1.0000 0.9840 0.0160 0.0046 0.0046
9.8100 1.0000 0.9840 0.0160 0.0045 0.0045
9.8200 1.0000 0.9841 0.0159 0.0045 0.0045
9.8300 1.0000 0.9842 0.0158 0.0045 0.0045
9.8400 1.0000 0.9843 0.0157 0.0045 0.0045
9.8500 1.0000 0.9843 0.0157 0.0045 0.0045
9.8600 1.0000 0.9844 0.0156 0.0044 0.0044
9.8700 1.0000 0.9845 0.0155 0.0044 0.0044
9.8800 1.0000 0.9845 0.0155 0.0044 0.0044
9.8900 1.0000 0.9846 0.0154 0.0044 0.0044
9.9000 1.0000 0.9847 0.0153 0.0044 0.0044
9.9100 1.0000 0.9847 0.0153 0.0044 0.0044
9.9200 1.0000 0.9848 0.0152 0.0043 0.0043
9.9300 1.0000 0.9848 0.0152 0.0043 0.0043
9.9400 1.0000 0.9849 0.0151 0.0043 0.0043
9.9500 1.0000 0.9850 0.0150 0.0043 0.0043
9.9600 1.0000 0.9850 0.0150 0.0043 0.0043
9.9700 1.0000 0.9851 0.0149 0.0042 0.0042
9.9800 1.0000 0.9852 0.0148 0.0042 0.0042
9.9900 1.0000 0.9852 0.0148 0.0042 0.0042
10.0000 1.0000 0.9853 0.0147 0.0042 0.0042
