0.0000 1.0000 0.0000 1.0000 6.0000 6.0000
0.0100 1.0000 0.0005 0.9995 5.7830 5.7830
0.0200 1.0000 0.0021 0.9979 5.3674 5.3674
0.0300 1.0000 0.0046 0.9954 4.9840 4.9840
0.0400 1.0000 0.0079 0.9921 4.6301 4.6301
0.0500 1.0000 0.0119 0.9881 4.3035 4.3035
0.0600 1.0000 0.0167 0.9833 4.0019 4.0019
0.0700 1.0000 0.0220 0.9780 3.7234 3.7234
0.0800 1.0000 0.0279 0.9721 3.4661 3.4661
0.0900 1.0000 0.0344 0.9656 3.2284 3.2284
0.1000 1.0000 0.0412 0.9588 3.0086 3.0086
0.1100 1.0000 0.0485 0.9515 2.8054 2.8054
0.1200 1.0000 0.0561 0.9439 2.6175 2.6175
0.1300 1.0000 0.0640 0.9360 2.4436 2.4436
0.1400 1.0000 0.0722 0.9278 2.2826 2.2826
0.1500 1.0000 0.0807 0.9193 2.1336 2.1336
0.1600 1.0000 0.0894 0.9106 1.9956 1.9956
0.1700 1.0000 0.0982 0.9018 1.8677 1.8677
0.1800 1.0000 0.1072 0.8928 1.7491 1.7491
0.1900 1.0000 0.1164 0.8836 1.6392 1.6392
0.2000 1.0000 0.1257 0.8743 1.5372 1.5372
0.2100 1.0000 0.1350 0.8650 1.4425 1.4425
0.2200 1.0000 0.1445 0.8555 1.3545 1.3545
0.2300 1.0000 0.1540 0.8460 1.2728 1.2728
0.2400 1.0000 0.1635 0.8365 1.1968 1.1968
0.2500 1.0000 0.1731 0.8269 1.1262 1.1262
0.2600 1.0000 0.1827 0.8173 1.0604 1.0604
0.2700 1.0000 0.1924 0.8076 0.9992 0.9992
0.2800 1.0000 0.2020 0.7980 0.9421 0.9421
0.2900 1.0000 0.2116 0.7884 0.8890 0.8890
0.3000 1.0000 0.2212 0.7788 0.8394 0.8394
0.3100 1.0000 0.2307 0.7693 0.7931 0.7931
0.3200 1.0000 0.2402 0.7598 0.7498 0.7498
0.3300 1.0000 0.2497 0.7503 0.7094 0.7094
0.3400 1.0000 0.2592 0.7408 0.6717 0.6717
0.3500 1.0000 0.2685 0.7315 0.6363 0.6363
0.3600 1.0000 0.2779 0.7221 0.6032 0.6032
0.3700 1.0000 0.2871 0.7129 0.5722 0.5722
0.3800 1.0000 0.2963 0.7037 0.5431 0.5431
0.3900 1.0000 0.3054 0.6946 0.5158 0.5158
0.4000 1.0000 0.3145 0.6855 0.4901 0.4901
0.4100 1.0000 0.3235 0.6765 0.4661 0.4661
0.4200 1.0000 0.3324 0.6676 0.4434 0.4434
0.4300 1.0000 0.3412 0.6588 0.4221 0.4221
0.4400 1.0000 0.3500 0.6500 0.4020 0.4020
0.4500 1.0000 0.3586 0.6414 0.3831 0.3831
0.4600 1.0000 0.3672 0.6328 0.3652 0.3652
0.4700 1.0000 0.3757 0.6243 0.3484 0.3484
0.4800 1.0000 0.3841 0.6159 0.3325 0.3325
0.4900 1.0000 0.3924 0.6076 0.3174 0.3174
0.5000 1.0000 0.4007 0.5993 0.3032 0.3032
0.5100 1.0000 0.4088 0.5912 0.2897 0.2897
0.5200 1.0000 0.4169 0.5831 0.2770 0.2770
0.5300 1.0000 0.4248 0.5752 0.2649 0.2649
0.5400 1.0000 0.4327 0.5673 0.2534 0.2534
0.5500 1.0000 0.4405 0.5595 0.2425 0.2425
0.5600 1.0000 0.4482 0.5518 0.2321 0.2321
0.5700 1.0000 0.4558 0.5442 0.2223 0.2223
0.5800 1.0000 0.4633 0.5367 0.2129 0.2129
0.5900 1.0000 0.4707 0.5293 0.2040 0.2040
0.6000 1.0000 0.4781 0.5219 0.1955 0.1955
0.6100 1.0000 0.4853 0.5147 0.1874 0.1874
0.6200 1.0000 0.4925 0.5075 0.1797 0.1797
0.6300 1.0000 0.4996 0.5004 0.1723 0.1723
0.6400 1.0000 0.5066 0.4934 0.1653 0.1653
0.6500 1.0000 0.5135 0.4865 0.1586 0.1586
0.6600 1.0000 0.5203 0.4797 0.1522 0.1522
0.6700 1.0000 0.5270 0.4730 0.1460 0.1460
0.6800 1.0000 0.5336 0.4664 0.1401 0.1401
0.6900 1.0000 0.5402 0.4598 0.1345 0.1345
0.7000 1.0000 0.5467 0.4533 0.1291 0.1291
0.7100 1.0000 0.5531 0.4469 0.1240 0.1240
0.7200 1.0000 0.5594 0.4406 0.1190 0.1190
0.7300 1.0000 0.5656 0.4344 0.1143 0.1143
0.7400 1.0000 0.5718 0.4282 0.1097 0.1097
0.7500 1.0000 0.5778 0.4222 0.1053 0.1053
0.7600 1.0000 0.5838 0.4162 0.1011 0.1011
0.7700 1.0000 0.5897 0.4103 0.0971 0.0971
0.7800 1.0000 0.5956 0.4044 0.0932 0.0932
0.7900 1.0000 0.6013 0.3987 0.0895 0.0895
0.8000 1.0000 0.6070 0.3930 0.0859 0.0859
0.8100 1.0000 0.6126 0.3874 0.0825 0.0825
0.8200 1.0000 0.6181 0.3819 0.0791 0.0791
0.8300 1.0000 0.6236 0.3764 0.0759 0.0759
0.8400 1.0000 0.6290 0.3710 0.0729 0.0729
0.8500 1.0000 0.6343 0.3657 0.0699 0.0699
0.8600 1.0000 0.6395 0.3605 0.0671 0.0671
0.8700 1.0000 0.6447 0.3553 0.0643 0.0643
0.8800 1.0000 0.6498 0.3502 0.0617 0.0617
0.8900 1.0000 0.6548 0.3452 0.0591 0.0591
0.9000 1.0000 0.6598 0.3402 0.0567 0.0567
0.9100 1.0000 0.6647 0.3353 0.0543 0.0543
0.9200 1.0000 0.6695 0.3305 0.0520 0.0520
0.9300 1.0000 0.6743 0.3257 0.0498 0.0498
0.9400 1.0000 0.6790 0.3210 0.0477 0.0477
0.9500 1.0000 0.6836 0.3164 0.0457 0.0457
0.9600 1.0000 0.6882 0.3118 0.0437 0.0437
0.9700 1.0000 0.6927 0.3073 0.0418 0.0418
0.9800 1.0000 0.6971 0.3029 0.0400 0.0400
0.9900 1.0000 0.7015 0.2985 0.0382 0.0382
1.0000 1.0000 0.7058 0.2942 0.0365 0.0365
1.0100 1.0000 0.7101 0.2899 0.0348 0.0348
1.0200 1.0000 0.7143 0.2857 0.0333 0.0333
1.0300 1.0000 0.7184 0.2816 0.0317 0.0317
1.0400 1.0000 0.7225 0.2775 0.0302 0.0302
1.0500 1.0000 0.7265 0.2735 0.0288 0.0288
1.0600 1.0000 0.7305 0.2695 0.0274 0.0274
1.0700 1.0000 0.7344 0.2656 0.0261 0.0261
1.0800 1.0000 0.7383 0.2617 0.0248 0.0248
1.0900 1.0000 0.7421 0.2579 0.0236 0.0236
1.1000 1.0000 0.7459 0.2541 0.0224 0.0224
1.1100 1.0000 0.7496 0.2504 0.0213 0.0213
1.1200 1.0000 0.7532 0.2468 0.0202 0.0202
1.1300 1.0000 0.7568 0.2432 0.0191 0.0191
1.1400 1.0000 0.7604 0.2396 0.0181 0.0181
1.1500 1.0000 0.7639 0.2361 0.0171 0.0171
1.1600 1.0000 0.7673 0.2327 0.0161 0.0161
1.1700 1.0000 0.7707 0.2293 0.0152 0.0152
1.1800 1.0000 0.7741 0.2259 0.0143 0.0143
1.1900 1.0000 0.7774 0.2226 0.0134 0.0134
1.2000 1.0000 0.7806 0.2194 0.0126 0.0126
1.2100 1.0000 0.7839 0.2161 0.0118 0.0118
1.2200 1.0000 0.7870 0.2130 0.0110 0.0110
1.2300 1.0000 0.7901 0.2099 0.0103 0.0103
1.2400 1.0000 0.7932 0.2068 0.0096 0.0096
1.2500 1.0000 0.7963 0.2037 0.0089 0.0089
1.2600 1.0000 0.7992 0.2008 0.0082 0.0082
1.2700 1.0000 0.8022 0.1978 0.0076 0.0076
1.2800 1.0000 0.8051 0.1949 0.0070 0.0070
1.2900 1.0000 0.8080 0.1920 0.0064 0.0064
1.3000 1.0000 0.8108 0.1892 0.0058 0.0058
1.3100 1.0000 0.8136 0.1864 0.0053 0.0053
1.3200 1.0000 0.8163 0.1837 0.0048 0.0048
1.3300 1.0000 0.8190 0.1810 0.0043 0.0043
1.3400 1.0000 0.8217 0.1783 0.0038 0.0038
1.3500 1.0000 0.8243 0.1757 0.0033 0.0033
1.3600 1.0000 0.8269 0.1731 0.0029 0.0029
1.3700 1.0000 0.8295 0.1705 0.0024 0.0024
1.3800 1.0000 0.8320 0.1680 0.0020 0.0020
1.3900 1.0000 0.8344 0.1656 0.0016 0.0016
1.4000 1.0000 0.8369 0.1631 0.0012 0.0012
1.4100 1.0000 0.8393 0.1607 0.0009 0.0009
1.4200 1.0000 0.8417 0.1583 0.0005 0.0005
1.4300 1.0000 0.8440 0.1560 0.0002 0.0002
1.4400 1.0000 0.8463 0.1537 -0.0001 -0.0001
1.4500 1.0000 0.8486 0.1514 -0.0005 -0.0005
1.4600 1.0000 0.8508 0.1492 -0.0008 -0.0008
1.4700 1.0000 0.8530 0.1470 -0.0010 -0.0010
1.4800 1.0000 0.8552 0.1448 -0.0013 -0.0013
1.4900 1.0000 0.8574 0.1426 -0.0016 -0.0016
1.5000 1.0000 0.8595 0.1405 -0.0018 -0.0018
1.5100 1.0000 0.8615 0.1385 -0.0020 -0.0020
1.5200 1.0000 0.8636 0.1364 -0.0023 -0.0023
1.5300 1.0000 0.8656 0.1344 -0.0025 -0.0025
1.5400 1.0000 0.8676 0.1324 -0.0027 -0.0027
1.5500 1.0000 0.8696 0.1304 -0.0029 -0.0029
1.5600 1.0000 0.8715 0.1285 -0.0031 -0.0031
1.5700 1.0000 0.8734 0.1266 -0.0032 -0.0032
1.5800 1.0000 0.8753 0.1247 -0.0034 -0.0034
1.5900 1.0000 0.8772 0.1228 -0.0036 -0.0036
1.6000 1.0000 0.8790 0.1210 -0.0037 -0.0037
1.6100 1.0000 0.8808 0.1192 -0.0039 -0.0039
1.6200 1.0000 0.8825 0.1175 -0.0040 -0.0040
1.6300 1.0000 0.8843 0.1157 -0.0041 -0.0041
1.6400 1.0000 0.8860 0.1140 -0.0043 -0.0043
1.6500 1.0000 0.8877 0.1123 -0.0044 -0.0044
1.6600 1.0000 0.8894 0.1106 -0.0045 -0.0045
1.6700 1.0000 0.8910 0.1090 -0.0046 -0.0046
1.6800 1.0000 0.8926 0.1074 -0.0047 -0.0047
1.6900 1.0000 0.8942 0.1058 -0.0048 -0.0048
1.7000 1.0000 0.8958 0.1042 -0.0049 -0.0049
1.7100 1.0000 0.8974 0.1026 -0.0049 -0.0049
1.7200 1.0000 0.8989 0.1011 -0.0050 -0.0050
1.7300 1.0000 0.9004 0.0996 -0.0051 -0.0051
1.7400 1.0000 0.9019 0.0981 -0.0051 -0.0051
1.7500 1.0000 0.9034 0.0966 -0.0052 -0.0052
1.7600 1.0000 0.9048 0.0952 -0.0053 -0.0053
1.7700 1.0000 0.9062 0.0938 -0.0053 -0.0053
1.7800 1.0000 0.9076 0.0924 -0.0053 -0.0053
1.7900 1.0000 0.9090 0.0910 -0.0054 -0.0054
1.8000 1.0000 0.9104 0.0896 -0.0054 -0.0054
1.8100 1.0000 0.9117 0.0883 -0.0055 -0.0055
1.8200 1.0000 0.9130 0.0870 -0.0055 -0.0055
1.8300 1.0000 0.9143 0.0857 -0.0055 -0.0055
1.8400 1.0000 0.9156 0.0844 -0.0055 -0.0055
1.8500 1.0000 0.9168 0.0832 -0.0056 -0.0056
1.8600 1.0000 0.9181 0.0819 -0.0056 -0.0056
1.8700 1.0000 0.9193 0.0807 -0.0056 -0.0056
1.8800 1.0000 0.9205 0.0795 -0.0056 -0.0056
1.8900 1.0000 0.9217 0.0783 -0.0056 -0.0056
1.9000 1.0000 0.9229 0.0771 -0.0056 -0.0056
1.9100 1.0000 0.9240 0.0760 -0.0056 -0.0056
1.9200 1.0000 0.9252 0.0748 -0.0056 -0.0056
1.9300 1.0000 0.9263 0.0737 -0.0056 -0.0056
1.9400 1.0000 0.9274 0.0726 -0.0056 -0.0056
1.9500 1.0000 0.9285 0.0715 -0.0056 -0.0056
1.9600 1.0000 0.9296 0.0704 -0.0056 -0.0056
1.9700 1.0000 0.9306 0.0694 -0.0056 -0.0056
1.9800 1.0000 0.9316 0.0684 -0.0056 -0.0056
1.9900 1.0000 0.9327 0.0673 -0.0056 -0.0056
2.0000 1.0000 0.9337 0.0663 -0.0056 -0.0056
2.0100 1.0000 0.9347 0.0653 -0.0055 -0.0055
2.0200 1.0000 0.9357 0.0643 -0.0055 -0.0055
2.0300 1.0000 0.9366 0.0634 -0.0055 -0.0055
2.0400 1.0000 0.9376 0.0624 -0.0055 -0.0055
2.0500 1.0000 0.9385 0.0615 -0.0055 -0.0055
2.0600 1.0000 0.9394 0.0606 -0.0054 -0.0054
2.0700 1.0000 0.9403 0.0597 -0.0054 -0.0054
2.0800 1.0000 0.9412 0.0588 -0.0054 -0.0054
2.0900 1.0000 0.9421 0.0579 -0.0054 -0.0054
2.1000 1.0000 0.9430 0.0570 -0.0053 -0.0053
2.1100 1.0000 0.9438 0.0562 -0.0053 -0.0053
2.1200 1.0000 0.9447 0.0553 -0.0053 -0.0053
2.1300 1.0000 0.9455 0.0545 -0.0052 -0.0052
2.1400 1.0000 0.9463 0.0537 -0.0052 -0.0052
2.1500 1.0000 0.9471 0.0529 -0.0052 -0.0052
2.1600 1.0000 0.9479 0.0521 -0.0051 -0.0051
2.1700 1.0000 0.9487 0.0513 -0.0051 -0.0051
2.1800 1.0000 0.9495 0.0505 -0.0051 -0.0051
2.1900 1.0000 0.9502 0.0498 -0.0050 -0.0050
2.2000 1.0000 0.9510 0.0490 -0.0050 -0.0050
2.2100 1.0000 0.9517 0.0483 -0.0050 -0.0050
2.2200 1.0000 0.9524 0.0476 -0.0049 -0.0049
2.2300 1.0000 0.9532 0.0468 -0.0049 -0.0049
2.2400 1.0000 0.9539 0.0461 -0.0048 -0.0048
2.2500 1.0000 0.9546 0.0454 -0.0048 -0.0048
2.2600 1.0000 0.9552 0.0448 -0.0048 -0.0048
2.2700 1.0000 0.9559 0.0441 -0.0047 -0.0047
2.2800 1.0000 0.9566 0.0434 -0.0047 -0.0047
2.2900 1.0000 0.9572 0.0428 -0.0046 -0.0046
2.3000 1.0000 0.9579 0.0421 -0.0046 -0.0046
2.3100 1.0000 0.9585 0.0415 -0.0046 -0.0046
2.3200 1.0000 0.9591 0.0409 -0.0045 -0.0045
2.3300 1.0000 0.9597 0.0403 -0.0045 -0.0045
2.3400 1.0000 0.9604 0.0396 -0.0044 -0.0044
2.3500 1.0000 0.9610 0.0390 -0.0044 -0.0044
2.3600 1.0000 0.9615 0.0385 -0.0044 -0.0044
2.3700 1.0000 0.9621 0.0379 -0.0043 -0.0043
2.3800 1.0000 0.9627 0.0373 -0.0043 -0.0043
2.3900 1.0000 0.9632 0.0368 -0.0042 -0.0042
2.4000 1.0000 0.9638 0.0362 -0.0042 -0.0042
2.4100 1.0000 0.9643 0.0357 -0.0042 -0.0042
2.4200 1.0000 0.9649 0.0351 -0.0041 -0.0041
2.4300 1.0000 0.9654 0.0346 -0.0041 -0.0041
2.4400 1.0000 0.9659 0.0341 -0.0040 -0.0040
2.4500 1.0000 0.9664 0.0336 -0.0040 -0.0040
2.4600 1.0000 0.9670 0.0330 -0.0040 -0.0040
2.4700 1.0000 0.9675 0.0325 -0.0039 -0.0039
2.4800 1.0000 0.9679 0.0321 -0.0039 -0.0039
2.4900 1.0000 0.9684 0.0316 -0.0038 -0.0038
2.5000 1.0000 0.9689 0.0311 -0.0038 -0.0038
2.5100 1.0000 0.9694 0.0306 -0.0038 -0.0038
2.5200 1.0000 0.9698 0.0302 -0.0037 -0.0037
2.5300 1.0000 0.9703 0.0297 -0.0037 -0.0037
2.5400 1.0000 0.9707 0.0293 -0.0036 -0.0036
2.5500 1.0000 0.9712 0.0288 -0.0036 -0.0036
2.5600 1.0000 0.9716 0.0284 -0.0036 -0.0036
2.5700 1.0000 0.9720 0.0280 -0.0035 -0.0035
2.5800 1.0000 0.9725 0.0275 -0.0035 -0.0035
2.5900 1.0000 0.9729 0.0271 -0.0034 -0.0034
2.6000 1.0000 0.9733 0.0267 -0.0034 -0.0034
2.6100 1.0000 0.9737 0.0263 -0.0034 -0.0034
2.6200 1.0000 0.9741 0.0259 -0.0033 -0.0033
2.6300 1.0000 0.9745 0.0255 -0.0033 -0.0033
2.6400 1.0000 0.9749 0.0251 -0.0032 -0.0032
2.6500 1.0000 0.9752 0.0248 -0.0032 -0.0032
2.6600 1.0000 0.9756 0.0244 -0.0032 -0.0032
2.6700 1.0000 0.9760 0.0240 -0.0031 -0.0031
2.6800 1.0000 0.9763 0.0237 -0.0031 -0.0031
2.6900 1.0000 0.9767 0.0233 -0.0031 -0.0031
2.7000 1.0000 0.9771 0.0229 -0.0030 -0.0030
2.7100 1.0000 0.9774 0.0226 -0.0030 -0.0030
2.7200 1.0000 0.9777 0.0223 -0.0030 -0.0030
2.7300 1.0000 0.9781 0.0219 -0.0029 -0.0029
2.7400 1.0000 0.9784 0.0216 -0.0029 -0.0029
2.7500 1.0000 0.9787 0.0213 -0.0028 -0.0028
2.7600 1.0000 0.9791 0.0209 -0.0028 -0.0028
2.7700 1.0000 0.9794 0.0206 -0.0028 -0.0028
2.7800 1.0000 0.9797 0.0203 -0.0027 -0.0027
2.7900 1.0000 0.9800 0.0200 -0.0027 -0.0027
2.8000 1.0000 0.9803 0.0197 -0.0027 -0.0027
2.8100 1.0000 0.9806 0.0194 -0.0026 -0.0026
2.8200 1.0000 0.9809 0.0191 -0.0026 -0.0026
2.8300 1.0000 0.9812 0.0188 -0.0026 -0.0026
2.8400 1.0000 0.9815 0.0185 -0.0025 -0.0025
2.8500 1.0000 0.9817 0.0183 -0.0025 -0.0025
2.8600 1.0000 0.9820 0.0180 -0.0025 -0.0025
2.8700 1.0000 0.9823 0.0177 -0.0025 -0.0025
2.8800 1.0000 0.9826 0.0174 -0.0024 -0.0024
2.8900 1.0000 0.9828 0.0172 -0.0024 -0.0024
2.9000 1.0000 0.9831 0.0169 -0.0024 -0.0024
2.9100 1.0000 0.9833 0.0167 -0.0023 -0.0023
2.9200 1.0000 0.9836 0.0164 -0.0023 -0.0023
2.9300 1.0000 0.9838 0.0162 -0.0023 -0.0023
2.9400 1.0000 0.9841 0.0159 -0.0022 -0.0022
2.9500 1.0000 0.9843 0.0157 -0.0022 -0.0022
2.9600 1.0000 0.9846 0.0154 -0.0022 -0.0022
2.9700 1.0000 0.9848 0.0152 -0.0022 -0.0022
2.9800 1.0000 0.9850 0.0150 -0.0021 -0.0021
2.9900 1.0000 0.9852 0.0148 -0.0021 -0.0021
3.0000 1.0000 0.9855 0.0145 -0.0021 -0.0021
3.0100 1.0000 0.9857 0.0143 -0.0020 -0.0020
3.0200 1.0000 0.9859 0.0141 -0.0020 -0.0020
3.0300 1.0000 0.9861 0.0139 -0.0020 -0.0020
3.0400 1.0000 0.9863 0.0137 -0.0020 -0.0020
3.0500 1.0000 0.9865 0.0135 -0.0019 -0.0019
3.0600 1.0000 0.9867 0.0133 -0.0019 -0.0019
3.0700 1.0000 0.9869 0.0131 -0.0019 -0.0019
3.0800 1.0000 0.9871 0.0129 -0.0019 -0.0019
3.0900 1.0000 0.9873 0.0127 -0.0018 -0.0018
3.1000 1.0000 0.9875 0.0125 -0.0018 -0.0018
3.1100 1.0000 0.9877 0.0123 -0.0018 -0.0018
3.1200 1.0000 0.9879 0.0121 -0.0018 -0.0018
3.1300 1.0000 0.9881 0.0119 -0.0017 -0.0017
3.1400 1.0000 0.9883 0.0117 -0.0017 -0.0017
3.1500 1.0000 0.9884 0.0116 -0.0017 -0.0017
3.1600 1.0000 0.9886 0.0114 -0.0017 -0.0017
3.1700 1.0000 0.9888 0.0112 -0.0017 -0.0017
3.1800 1.0000 0.9890 0.0110 -0.0016 -0.0016
3.1900 1.0000 0.9891 0.0109 -0.0016 -0.0016
3.2000 1.0000 0.9893 0.0107 -0.0016 -0.0016
3.2100 1.0000 0.9895 0.0105 -0.0016 -0.0016
3.2200 1.0000 0.9896 0.0104 -0.0015 -0.0015
3.2300 1.0000 0.9898 0.0102 -0.0015 -0.0015
3.2400 1.0000 0.9899 0.0101 -0.0015 -0.0015
3.2500 1.0000 0.9901 0.0099 -0.0015 -0.0015
3.2600 1.0000 0.9902 0.0098 -0.0015 -0.0015
3.2700 1.0000 0.9904 0.0096 -0.0014 -0.0014
3.2800 1.0000 0.9905 0.0095 -0.0014 -0.0014
3.2900 1.0000 0.9907 0.0093 -0.0014 -0.0014
3.3000 1.0000 0.9908 0.0092 -0.0014 -0.0014
3.3100 1.0000 0.9909 0.0091 -0.0014 -0.0014
3.3200 1.0000 0.9911 0.0089 -0.0013 -0.0013
3.3300 1.0000 0.9912 0.0088 -0.0013 -0.0013
3.3400 1.0000 0.9913 0.0087 -0.0013 -0.0013
3.3500 1.0000 0.9915 0.0085 -0.0013 -0.0013
3.3600 1.0000 0.9916 0.0084 -0.0013 -0.0013
3.3700 1.0000 0.9917 0.0083 -0.0013 -0.0013
3.3800 1.0000 0.9919 0.0081 -0.0012 -0.0012
3.3900 1.0000 0.9920 0.0080 -0.0012 -0.0012
3.4000 1.0000 0.9921 0.0079 -0.0012 -0.0012
3.4100 1.0000 0.9922 0.0078 -0.0012 -0.0012
3.4200 1.0000 0.9923 0.0077 -0.0012 -0.0012
3.4300 1.0000 0.9925 0.0075 -0.0012 -0.0012
3.4400 1.0000 0.9926 0.0074 -0.0011 -0.0011
3.4500 1.0000 0.9927 0.0073 -0.0011 -0.0011
3.4600 1.0000 0.9928 0.0072 -0.0011 -0.0011
3.4700 1.0000 0.9929 0.0071 -0.0011 -0.0011
3.4800 1.0000 0.9930 0.0070 -0.0011 -0.0011
3.4900 1.0000 0.9931 0.0069 -0.0011 -0.0011
3.5000 1.0000 0.9932 0.0068 -0.0010 -0.0010
3.5100 1.0000 0.9933 0.0067 -0.0010 -0.0010
3.5200 1.0000 0.9934 0.0066 -0.0010 -0.0010
3.5300 1.0000 0.9935 0.0065 -0.0010 -0.0010
3.5400 1.0000 0.9936 0.0064 -0.0010 -0.0010
3.5500 1.0000 0.9937 0.0063 -0.0010 -0.0010
3.5600 1.0000 0.9938 0.0062 -0.0010 -0.0010
3.5700 1.0000 0.9939 0.0061 -0.0009 -0.0009
3.5800 1.0000 0.9940 0.0060 -0.0009 -0.0009
3.5900 1.0000 0.9941 0.0059 -0.0009 -0.0009
3.6000 1.0000 0.9942 0.0058 -0.0009 -0.0009
3.6100 1.0000 0.9943 0.0057 -0.0009 -0.0009
3.6200 1.0000 0.9944 0.0056 -0.0009 -0.0009
3.6300 1.0000 0.9944 0.0056 -0.0009 -0.0009
3.6400 1.0000 0.9945 0.0055 -0.0009 -0.0009
3.6500 1.0000 0.9946 0.0054 -0.0008 -0.0008
3.6600 1.0000 0.9947 0.0053 -0.0008 -0.0008
3.6700 1.0000 0.9948 0.0052 -0.0008 -0.0008
3.6800 1.0000 0.9949 0.0051 -0.0008 -0.0008
3.6900 1.0000 0.9949 0.0051 -0.0008 -0.0008
3.7000 1.0000 0.9950 0.0050 -0.0008 -0.0008
3.7100 1.0000 0.9951 0.0049 -0.0008 -0.0008
3.7200 1.0000 0.9952 0.0048 -0.0008 -0.0008
3.7300 1.0000 0.9952 0.0048 -0.0008 -0.0008
3.7400 1.0000 0.9953 0.0047 -0.0007 -0.0007
3.7500 1.0000 0.9954 0.0046 -0.0007 -0.0007
3.7600 1.0000 0.9954 0.0046 -0.0007 -0.0007
3.7700 1.0000 0.9955 0.0045 -0.0007 -0.0007
3.7800 1.0000 0.9956 0.0044 -0.0007 -0.0007
3.7900 1.0000 0.9956 0.0044 -0.0007 -0.0007
3.8000 1.0000 0.9957 0.0043 -0.0007 -0.0007
3.8100 1.0000 0.9958 0.0042 -0.0007 -0.0007
3.8200 1.0000 0.9958 0.0042 -0.0007 -0.0007
3.8300 1.0000 0.9959 0.0041 -0.0007 -0.0007
3.8400 1.0000 0.9960 0.0040 -0.0006 -0.0006
3.8500 1.0000 0.9960 0.0040 -0.0006 -0.0006
3.8600 1.0000 0.9961 0.0039 -0.0006 -0.0006
3.8700 1.0000 0.9961 0.0039 -0.0006 -0.0006
3.8800 1.0000 0.9962 0.0038 -0.0006 -0.0006
3.8900 1.0000 0.9963 0.0037 -0.0006 -0.0006
3.9000 1.0000 0.9963 0.0037 -0.0006 -0.0006
3.9100 1.0000 0.9964 0.0036 -0.0006 -0.0006
3.9200 1.0000 0.9964 0.0036 -0.0006 -0.0006
3.9300 1.0000 0.9965 0.0035 -0.0006 -0.0006
3.9400 1.0000 0.9965 0.0035 -0.0006 -0.0006
3.9500 1.0000 0.9966 0.0034 -0.0005 -0.0005
3.9600 1.0000 0.9966 0.0034 -0.0005 -0.0005
3.9700 1.0000 0.9967 0.0033 -0.0005 -0.0005
3.9800 1.0000 0.9967 0.0033 -0.0005 -0.0005
3.9900 1.0000 0.9968 0.0032 -0.0005 -0.0005
4.0000 1.0000 0.9968 0.0032 -0.0005 -0.0005
4.0100 1.0000 0.9969 0.0031 -0.0005 -0.0005
4.0200 1.0000 0.9969 0.0031 -0.0005 -0.0005
4.0300 1.0000 0.9970 0.0030 -0.0005 -0.0005
4.0400 1.0000 0.9970 0.0030 -0.0005 -0.0005
4.0500 1.0000 0.9971 0.0029 -0.0005 -0.0005
4.0600 1.0000 0.9971 0.0029 -0.0005 -0.0005
4.0700 1.0000 0.9972 0.0028 -0.0005 -0.0005
4.0800 1.0000 0.9972 0.0028 -0.0005 -0.0005
4.0900 1.0000 0.9972 0.0028 -0.0004 -0.0004
4.1000 1.0000 0.9973 0.0027 -0.0004 -0.0004
4.1100 1.0000 0.9973 0.0027 -0.0004 -0.0004
4.1200 1.0000 0.9974 0.0026 -0.0004 -0.0004
4.1300 1.0000 0.9974 0.0026 -0.0004 -0.0004
4.1400 1.0000 0.9975 0.0025 -0.0004 -0.0004
4.1500 1.0000 0.9975 0.0025 -0.0004 -0.0004
4.1600 1.0000 0.9975 0.0025 -0.0004 -0.0004
4.1700 1.0000 0.9976 0.0024 -0.0004 -0.0004
4.1800 1.0000 0.9976 0.0024 -0.0004 -0.0004
4.1900 1.0000 0.9976 0.0024 -0.0004 -0.0004
4.2000 1.0000 0.9977 0.0023 -0.0004 -0.0004
4.2100 1.0000 0.9977 0.0023 -0.0004 -0.0004
4.2200 1.0000 0.9977 0.0023 -0.0004 -0.0004
4.2300 1.0000 0.9978 0.0022 -0.0004 -0.0004
4.2400 1.0000 0.9978 0.0022 -0.0004 -0.0004
4.2500 1.0000 0.9978 0.0022 -0.0004 -0.0004
4.2600 1.0000 0.9979 0.0021 -0.0003 -0.0003
4.2700 1.0000 0.9979 0.0021 -0.0003 -0.0003
4.2800 1.0000 0.9979 0.0021 -0.0003 -0.0003
4.2900 1.0000 0.9980 0.0020 -0.0003 -0.0003
4.3000 1.0000 0.9980 0.0020 -0.0003 -0.0003
4.3100 1.0000 0.9980 0.0020 -0.0003 -0.0003
4.3200 1.0000 0.9981 0.0019 -0.0003 -0.0003
4.3300 1.0000 0.9981 0.0019 -0.0003 -0.0003
4.3400 1.0000 0.9981 0.0019 -0.0003 -0.0003
4.3500 1.0000 0.9982 0.0018 -0.0003 -0.0003
4.3600 1.0000 0.9982 0.0018 -0.0003 -0.0003
4.3700 1.0000 0.9982 0.0018 -0.0003 -0.0003
4.3800 1.0000 0.9982 0.0018 -0.0003 -0.0003
4.3900 1.0000 0.9983 0.0017 -0.0003 -0.0003
4.4000 1.0000 0.9983 0.0017 -0.0003 -0.0003
4.4100 1.0000 0.9983 0.0017 -0.0003 -0.0003
4.4200 1.0000 0.9983 0.0017 -0.0003 -0.0003
4.4300 1.0000 0.9984 0.0016 -0.0003 -0.0003
4.4400 1.0000 0.9984 0.0016 -0.0003 -0.0003
4.4500 1.0000 0.9984 0.0016 -0.0003 -0.0003
4.4600 1.0000 0.9984 0.0016 -0.0003 -0.0003
4.4700 1.0000 0.9985 0.0015 -0.0003 -0.0003
4.4800 1.0000 0.9985 0.0015 -0.0002 -0.0002
4.4900 1.0000 0.9985 0.0015 -0.0002 -0.0002
4.5000 1.0000 0.9985 0.0015 -0.0002 -0.0002
4.5100 1.0000 0.9986 0.0014 -0.0002 -0.0002
4.5200 1.0000 0.9986 0.0014 -0.0002 -0.0002
4.5300 1.0000 0.9986 0.0014 -0.0002 -0.0002
4.5400 1.0000 0.9986 0.0014 -0.0002 -0.0002
4.5500 1.0000 0.9986 0.0014 -0.0002 -0.0002
4.5600 1.0000 0.9987 0.0013 -0.0002 -0.0002
4.5700 1.0000 0.9987 0.0013 -0.0002 -0.0002
4.5800 1.0000 0.9987 0.0013 -0.0002 -0.0002
4.5900 1.0000 0.9987 0.0013 -0.0002 -0.0002
4.6000 1.0000 0.9987 0.0013 -0.0002 -0.0002
4.6100 1.0000 0.9988 0.0012 -0.0002 -0.0002
4.6200 1.0000 0.9988 0.0012 -0.0002 -0.0002
4.6300 1.0000 0.9988 0.0012 -0.0002 -0.0002
4.6400 1.0000 0.9988 0.0012 -0.0002 -0.0002
4.6500 1.0000 0.9988 0.0012 -0.0002 -0.0002
4.6600 1.0000 0.9988 0.0012 -0.0002 -0.0002
4.6700 1.0000 0.9989 0.0011 -0.0002 -0.0002
4.6800 1.0000 0.9989 0.0011 -0.0002 -0.0002
4.6900 1.0000 0.9989 0.0011 -0.0002 -0.0002
4.7000 1.0000 0.9989 0.0011 -0.0002 -0.0002
4.7100 1.0000 0.9989 0.0011 -0.0002 -0.0002
4.7200 1.0000 0.9990 0.0010 -0.0002 -0.0002
4.7300 1.0000 0.9990 0.0010 -0.0002 -0.0002
4.7400 1.0000 0.9990 0.0010 -0.0002 -0.0002
4.7500 1.0000 0.9990 0.0010 -0.0002 -0.0002
4.7600 1.0000 0.9990 0.0010 -0.0002 -0.0002
4.7700 1.0000 0.9990 0.0010 -0.0002 -0.0002
4.7800 1.0000 0.9990 0.0010 -0.0002 -0.0002
4.7900 1.0000 0.9991 0.0009 -0.0002 -0.0002
4.8000 1.0000 0.9991 0.0009 -0.0002 -0.0002
4.8100 1.0000 0.9991 0.0009 -0.0002 -0.0002
4.8200 1.0000 0.9991 0.0009 -0.0001 -0.0001
4.8300 1.0000 0.9991 0.0009 -0.0001 -0.0001
4.8400 1.0000 0.9991 0.0009 -0.0001 -0.0001
4.8500 1.0000 0.9991 0.0009 -0.0001 -0.0001
4.8600 1.0000 0.9992 0.0008 -0.0001 -0.0001
4.8700 1.0000 0.9992 0.0008 -0.0001 -0.0001
4.8800 1.0000 0.9992 0.0008 -0.0001 -0.0001
4.8900 1.0000 0.9992 0.0008 -0.0001 -0.0001
4.9000 1.0000 0.9992 0.0008 -0.0001 -0.0001
4.9100 1.0000 0.9992 0.0008 -0.0001 -0.0001
4.9200 1.0000 0.9992 0.0008 -0.0001 -0.0001
4.9300 1.0000 0.9992 0.0008 -0.0001 -0.0001
4.9400 1.0000 0.9993 0.0007 -0.0001 -0.0001
4.9500 1.0000 0.9993 0.0007 -0.0001 -0.0001
4.9600 1.0000 0.9993 0.0007 -0.0001 -0.0001
4.9700 1.0000 0.9993 0.0007 -0.0001 -0.0001
4.9800 1.0000 0.9993 0.0007 -0.0001 -0.0001
4.9900 1.0000 0.9993 0.0007 -0.0001 -0.0001
5.0000 1.0000 0.9993 0.0007 -0.0001 -0.0001
5.0100 1.0000 0.9993 0.0007 -0.0001 -0.0001
5.0200 1.0000 0.9993 0.0007 -0.0001 -0.0001
5.0300 1.0000 0.9993 0.0007 -0.0001 -0.0001
5.0400 1.0000 0.9994 0.0006 -0.0001 -0.0001
5.0500 1.0000 0.9994 0.0006 -0.0001 -0.0001
5.0600 1.0000 0.9994 0.0006 -0.0001 -0.0001
5.0700 1.0000 0.9994 0.0006 -0.0001 -0.0001
5.0800 1.0000 0.9994 0.0006 -0.0001 -0.0001
5.0900 1.0000 0.9994 0.0006 -0.0001 -0.0001
5.1000 1.0000 0.9994 0.0006 -0.0001 -0.0001
5.1100 1.0000 0.9994 0.0006 -0.0001 -0.0001
5.1200 1.0000 0.9994 0.0006 -0.0001 -0.0001
5.1300 1.0000 0.9994 0.0006 -0.0001 -0.0001
5.1400 1.0000 0.9994 0.0006 -0.0001 -0.0001
5.1500 1.0000 0.9995 0.0005 -0.0001 -0.0001
5.1600 1.0000 0.9995 0.0005 -0.0001 -0.0001
5.1700 1.0000 0.9995 0.0005 -0.0001 -0.0001
5.1800 1.0000 0.9995 0.0005 -0.0001 -0.0001
5.1900 1.0000 0.9995 0.0005 -0.0001 -0.0001
5.2000 1.0000 0.9995 0.0005 -0.0001 -0.0001
5.2100 1.0000 0.9995 0.0005 -0.0001 -0.0001
5.2200 1.0000 0.9995 0.0005 -0.0001 -0.0001
5.2300 1.0000 0.9995 0.0005 -0.0001 -0.0001
5.2400 1.0000 0.9995 0.0005 -0.0001 -0.0001
5.2500 1.0000 0.9995 0.0005 -0.0001 -0.0001
5.2600 1.0000 0.9995 0.0005 -0.0001 -0.0001
5.2700 1.0000 0.9995 0.0005 -0.0001 -0.0001
5.2800 1.0000 0.9996 0.0004 -0.0001 -0.0001
5.2900 1.0000 0.9996 0.0004 -0.0001 -0.0001
5.3000 1.0000 0.9996 0.0004 -0.0001 -0.0001
5.3100 1.0000 0.9996 0.0004 -0.0001 -0.0001
5.3200 1.0000 0.9996 0.0004 -0.0001 -0.0001
5.3300 1.0000 0.9996 0.0004 -0.0001 -0.0001
5.3400 1.0000 0.9996 0.0004 -0.0001 -0.0001
5.3500 1.0000 0.9996 0.0004 -0.0001 -0.0001
5.3600 1.0000 0.9996 0.0004 -0.0001 -0.0001
5.3700 1.0000 0.9996 0.0004 -0.0001 -0.0001
5.3800 1.0000 0.9996 0.0004 -0.0001 -0.0001
5.3900 1.0000 0.9996 0.0004 -0.0001 -0.0001
5.4000 1.0000 0.9996 0.0004 -0.0001 -0.0001
5.4100 1.0000 0.9996 0.0004 -0.0001 -0.0001
5.4200 1.0000 0.9996 0.0004 -0.0001 -0.0001
5.4300 1.0000 0.9996 0.0004 -0.0001 -0.0001
5.4400 1.0000 0.9997 0.0003 -0.0001 -0.0001
5.4500 1.0000 0.9997 0.0003 -0.0001 -0.0001
5.4600 1.0000 0.9997 0.0003 -0.0001 -0.0001
5.4700 1.0000 0.9997 0.0003 -0.0001 -0.0001
5.4800 1.0000 0.9997 0.0003 -0.0001 -0.0001
5.4900 1.0000 0.9997 0.0003 -0.0001 -0.0001
5.5000 1.0000 0.9997 0.0003 -0.0001 -0.0001
5.5100 1.0000 0.9997 0.0003 -0.0001 -0.0001
5.5200 1.0000 0.9997 0.0003 -0.0001 -0.0001
5.5300 1.0000 0.9997 0.0003 -0.0001 -0.0001
5.5400 1.0000 0.9997 0.0003 -0.0001 -0.0001
5.5500 1.0000 0.9997 0.0003 -0.0000 -0.0000
5.5600 1.0000 0.9997 0.0003 -0.0000 -0.0000
5.5700 1.0000 0.9997 0.0003 -0.0000 -0.0000
5.5800 1.0000 0.9997 0.0003 -0.0000 -0.0000
5.5900 1.0000 0.9997 0.0003 -0.0000 -0.0000
5.6000 1.0000 0.9997 0.0003 -0.0000 -0.0000
5.6100 1.0000 0.9997 0.0003 -0.0000 -0.0000
5.6200 1.0000 0.9997 0.0003 -0.0000 -0.0000
5.6300 1.0000 0.9997 0.0003 -0.0000 -0.0000
5.6400 1.0000 0.9997 0.0003 -0.0000 -0.0000
5.6500 1.0000 0.9997 0.0003 -0.0000 -0.0000
5.6600 1.0000 0.9998 0.0002 -0.0000 -0.0000
5.6700 1.0000 0.9998 0.0002 -0.0000 -0.0000
5.6800 1.0000 0.9998 0.0002 -0.0000 -0.0000
5.6900 1.0000 0.9998 0.0002 -0.0000 -0.0000
5.7000 1.0000 0.9998 0.0002 -0.0000 -0.0000
5.7100 1.0000 0.9998 0.0002 -0.0000 -0.0000
5.7200 1.0000 0.9998 0.0002 -0.0000 -0.0000
5.7300 1.0000 0.9998 0.0002 -0.0000 -0.0000
5.7400 1.0000 0.9998 0.0002 -0.0000 -0.0000
5.7500 1.0000 0.9998 0.0002 -0.0000 -0.0000
5.7600 1.0000 0.9998 0.0002 -0.0000 -0.0000
5.7700 1.0000 0.9998 0.0002 -0.0000 -0.0000
5.7800 1.0000 0.9998 0.0002 -0.0000 -0.0000
5.7900 1.0000 0.9998 0.0002 -0.0000 -0.0000
5.8000 1.0000 0.9998 0.0002 -0.0000 -0.0000
5.8100 1.0000 0.9998 0.0002 -0.0000 -0.0000
5.8200 1.0000 0.9998 0.0002 -0.0000 -0.0000
5.8300 1.0000 0.9998 0.0002 -0.0000 -0.0000
5.8400 1.0000 0.9998 0.0002 -0.0000 -0.0000
5.8500 1.0000 0.9998 0.0002 -0.0000 -0.0000
5.8600 1.0000 0.9998 0.0002 -0.0000 -0.0000
5.8700 1.0000 0.9998 0.0002 -0.0000 -0.0000
5.8800 1.0000 0.9998 0.0002 -0.0000 -0.0000
5.8900 1.0000 0.9998 0.0002 -0.0000 -0.0000
5.9000 1.0000 0.9998 0.0002 -0.0000 -0.0000
5.9100 1.0000 0.9998 0.0002 -0.0000 -0.0000
5.9200 1.0000 0.9998 0.0002 -0.0000 -0.0000
5.9300 1.0000 0.9998 0.0002 -0.0000 -0.0000
5.9400 1.0000 0.9998 0.0002 -0.0000 -0.0000
5.9500 1.0000 0.9998 0.0002 -0.0000 -0.0000
5.9600 1.0000 0.9998 0.0002 -0.0000 -0.0000
5.9700 1.0000 0.9998 0.0002 -0.0000 -0.0000
5.9800 1.0000 0.9998 0.0002 -0.0000 -0.0000
5.9900 1.0000 0.9998 0.0002 -0.0000 -0.0000
6.0000 1.0000 0.9999 0.0001 -0.0000 -0.0000
6.0100 1.0000 0.9999 0.0001 -0.0000 -0.0000
6.0200 1.0000 0.9999 0.0001 -0.0000 -0.0000
6.0300 1.0000 0.9999 0.0001 -0.0000 -0.0000
6.0400 1.0000 0.9999 0.0001 -0.0000 -0.0000
6.0500 1.0000 0.9999 0.0001 -0.0000 -0.0000
6.0600 1.0000 0.9999 0.0001 -0.0000 -0.0000
6.0700 1.0000 0.9999 0.0001 -0.0000 -0.0000
6.0800 1.0000 0.9999 0.0001 -0.0000 -0.0000
6.0900 1.0000 0.9999 0.0001 -0.0000 -0.0000
6.1000 1.0000 0.9999 0.0001 -0.0000 -0.0000
6.1100 1.0000 0.9999 0.0001 -0.0000 -0.0000
6.1200 1.0000 0.9999 0.0001 -0.0000 -0.0000
6.1300 1.0000 0.9999 0.0001 -0.0000 -0.0000
6.1400 1.0000 0.9999 0.0001 -0.0000 -0.0000
6.1500 1.0000 0.9999 0.0001 -0.0000 -0.0000
6.1600 1.0000 0.9999 0.0001 -0.0000 -0.0000
6.1700 1.0000 0.9999 0.0001 -0.0000 -0.0000
6.1800 1.0000 0.9999 0.0001 -0.0000 -0.0000
6.1900 1.0000 0.9999 0.0001 -0.0000 -0.0000
6.2000 1.0000 0.9999 0.0001 -0.0000 -0.0000
6.2100 1.0000 0.9999 0.0001 -0.0000 -0.0000
6.2200 1.0000 0.9999 0.0001 -0.0000 -0.0000
6.2300 1.0000 0.9999 0.0001 -0.0000 -0.0000
6.2400 1.0000 0.9999 0.0001 -0.0000 -0.0000
6.2500 1.0000 0.9999 0.0001 -0.0000 -0.0000
6.2600 1.0000 0.9999 0.0001 -0.0000 -0.0000
6.2700 1.0000 0.9999 0.0001 -0.0000 -0.0000
6.2800 1.0000 0.9999 0.0001 -0.0000 -0.0000
6.2900 1.0000 0.9999 0.0001 -0.0000 -0.0000
6.3000 1.0000 0.9999 0.0001 -0.0000 -0.0000
6.3100 1.0000 0.9999 0.0001 -0.0000 -0.0000
6.3200 1.0000 0.9999 0.0001 -0.0000 -0.0000
6.3300 1.0000 0.9999 0.0001 -0.0000 -0.0000
6.3400 1.0000 0.9999 0.0001 -0.0000 -0.0000
6.3500 1.0000 0.9999 0.0001 -0.0000 -0.0000
6.3600 1.0000 0.9999 0.0001 -0.0000 -0.0000
6.3700 1.0000 0.9999 0.0001 -0.0000 -0.0000
6.3800 1.0000 0.9999 0.0001 -0.0000 -0.0000
6.3900 1.0000 0.9999 0.0001 -0.0000 -0.0000
6.4000 1.0000 0.9999 0.0001 -0.0000 -0.0000
6.4100 1.0000 0.9999 0.0001 -0.0000 -0.0000
6.4200 1.0000 0.9999 0.0001 -0.0000 -0.0000
6.4300 1.0000 0.9999 0.0001 -0.0000 -0.0000
6.4400 1.0000 0.9999 0.0001 -0.0000 -0.0000
6.4500 1.0000 0.9999 0.0001 -0.0000 -0.0000
6.4600 1.0000 0.9999 0.0001 -0.0000 -0.0000
6.4700 1.0000 0.9999 0.0001 -0.0000 -0.0000
6.4800 1.0000 0.9999 0.0001 -0.0000 -0.0000
6.4900 1.0000 0.9999 0.0001 -0.0000 -0.0000
6.5000 1.0000 0.9999 0.0001 -0.0000 -0.0000
6.5100 1.0000 0.9999 0.0001 -0.0000 -0.0000
6.5200 1.0000 0.9999 0.0001 -0.0000 -0.0000
6.5300 1.0000 0.9999 0.0001 -0.0000 -0.0000
6.5400 1.0000 0.9999 0.0001 -0.0000 -0.0000
6.5500 1.0000 0.9999 0.0001 -0.0000 -0.0000
6.5600 1.0000 0.9999 0.0001 -0.0000 -0.0000
6.5700 1.0000 0.9999 0.0001 -0.0000 -0.0000
6.5800 1.0000 0.9999 0.0001 -0.0000 -0.0000
6.5900 1.0000 0.9999 0.0001 -0.0000 -0.0000
6.6000 1.0000 0.9999 0.0001 -0.0000 -0.0000
6.6100 1.0000 0.9999 0.0001 -0.0000 -0.0000
6.6200 1.0000 0.9999 0.0001 -0.0000 -0.0000
6.6300 1.0000 0.9999 0.0001 -0.0000 -0.0000
6.6400 1.0000 0.9999 0.0001 -0.0000 -0.0000
6.6500 1.0000 0.9999 0.0001 -0.0000 -0.0000
6.6600 1.0000 0.9999 0.0001 -0.0000 -0.0000
6.6700 1.0000 0.9999 0.0001 -0.0000 -0.0000
6.6800 1.0000 0.9999 0.0001 -0.0000 -0.0000
6.6900 1.0000 0.9999 0.0001 -0.0000 -0.0000
6.7000 1.0000 0.9999 0.0001 -0.0000 -0.0000
6.7100 1.0000 1.0000 0.0000 -0.0000 -0.0000
6.7200 1.0000 1.0000 0.0000 -0.0000 -0.0000
6.7300 1.0000 1.0000 0.0000 -0.0000 -0.0000
6.7400 1.0000 1.0000 0.0000 -0.0000 -0.0000
6.7500 1.0000 1.0000 0.0000 -0.0000 -0.0000
6.7600 1.0000 1.0000 0.0000 -0.0000 -0.0000
6.7700 1.0000 1.0000 0.0000 -0.0000 -0.0000
6.7800 1.0000 1.0000 0.0000 -0.0000 -0.0000
6.7900 1.0000 1.0000 0.0000 -0.0000 -0.0000
6.8000 1.0000 1.0000 0.0000 -0.0000 -0.0000
6.8100 1.0000 1.0000 0.0000 -0.0000 -0.0000
6.8200 1.0000 1.0000 0.0000 -0.0000 -0.0000
6.8300 1.0000 1.0000 0.0000 -0.0000 -0.0000
6.8400 1.0000 1.0000 0.0000 -0.0000 -0.0000
6.8500 1.0000 1.0000 0.0000 -0.0000 -0.0000
6.8600 1.0000 1.0000 0.0000 -0.0000 -0.0000
6.8700 1.0000 1.0000 0.0000 -0.0000 -0.0000
6.8800 1.0000 1.0000 0.0000 -0.0000 -0.0000
6.8900 1.0000 1.0000 0.0000 -0.0000 -0.0000
6.9000 1.0000 1.0000 0.0000 -0.0000 -0.0000
6.9100 1.0000 1.0000 0.0000 -0.0000 -0.0000
6.9200 1.0000 1.0000 0.0000 -0.0000 -0.0000
6.9300 1.0000 1.0000 0.0000 -0.0000 -0.0000
6.9400 1.0000 1.0000 0.0000 -0.0000 -0.0000
6.9500 1.0000 1.0000 0.0000 -0.0000 -0.0000
6.9600 1.0000 1.0000 0.0000 -0.0000 -0.0000
6.9700 1.0000 1.0000 0.0000 -0.0000 -0.0000
6.9800 1.0000 1.0000 0.0000 -0.0000 -0.0000
6.9900 1.0000 1.0000 0.0000 -0.0000 -0.0000
7.0000 1.0000 1.0000 0.0000 -0.0000 -0.0000
7.0100 1.0000 1.0000 0.0000 -0.0000 -0.0000
7.0200 1.0000 1.0000 0.0000 -0.0000 -0.0000
7.0300 1.0000 1.0000 0.0000 -0.0000 -0.0000
7.0400 1.0000 1.0000 0.0000 -0.0000 -0.0000
7.0500 1.0000 1.0000 0.0000 -0.0000 -0.0000
7.0600 1.0000 1.0000 0.0000 -0.0000 -0.0000
7.0700 1.0000 1.0000 0.0000 -0.0000 -0.0000
7.0800 1.0000 1.0000 0.0000 -0.0000 -0.0000
7.0900 1.0000 1.0000 0.0000 -0.0000 -0.0000
7.1000 1.0000 1.0000 0.0000 -0.0000 -0.0000
7.1100 1.0000 1.0000 0.0000 -0.0000 -0.0000
7.1200 1.0000 1.0000 0.0000 -0.0000 -0.0000
7.1300 1.0000 1.0000 0.0000 -0.0000 -0.0000
7.1400 1.0000 1.0000 0.0000 -0.0000 -0.0000
7.1500 1.0000 1.0000 0.0000 -0.0000 -0.0000
7.1600 1.0000 1.0000 0.0000 -0.0000 -0.0000
7.1700 1.0000 1.0000 0.0000 -0.0000 -0.0000
7.1800 1.0000 1.0000 0.0000 -0.0000 -0.0000
7.1900 1.0000 1.0000 0.0000 -0.0000 -0.0000
7.2000 1.0000 1.0000 0.0000 -0.0000 -0.0000
7.2100 1.0000 1.0000 0.0000 -0.0000 -0.0000
7.2200 1.0000 1.0000 0.0000 -0.0000 -0.0000
7.2300 1.0000 1.0000 0.0000 -0.0000 -0.0000
7.2400 1.0000 1.0000 0.0000 -0.0000 -0.0000
7.2500 1.0000 1.0000 0.0000 -0.0000 -0.0000
7.2600 1.0000 1.0000 0.0000 -0.0000 -0.0000
7.2700 1.0000 1.0000 0.0000 -0.0000 -0.0000
7.2800 1.0000 1.0000 0.0000 -0.0000 -0.0000
7.2900 1.0000 1.0000 0.0000 -0.0000 -0.0000
7.3000 1.0000 1.0000 0.0000 -0.0000 -0.0000
7.3100 1.0000 1.0000 0.0000 -0.0000 -0.0000
7.3200 1.0000 1.0000 0.0000 -0.0000 -0.0000
7.3300 1.0000 1.0000 0.0000 -0.0000 -0.0000
7.3400 1.0000 1.0000 0.0000 -0.0000 -0.0000
7.3500 1.0000 1.0000 0.0000 -0.0000 -0.0000
7.3600 1.0000 1.0000 0.0000 -0.0000 -0.0000
7.3700 1.0000 1.0000 0.0000 -0.0000 -0.0000
7.3800 1.0000 1.0000 0.0000 -0.0000 -0.0000
7.3900 1.0000 1.0000 0.0000 -0.0000 -0.0000
7.4000 1.0000 1.0000 0.0000 -0.0000 -0.0000
7.4100 1.0000 1.0000 0.0000 -0.0000 -0.0000
7.4200 1.0000 1.0000 0.0000 -0.0000 -0.0000
7.4300 1.0000 1.0000 0.0000 -0.0000 -0.0000
7.4400 1.0000 1.0000 0.0000 -0.0000 -0.0000
7.4500 1.0000 1.0000 0.0000 -0.0000 -0.0000
7.4600 1.0000 1.0000 0.0000 -0.0000 -0.0000
7.4700 1.0000 1.0000 0.0000 -0.0000 -0.0000
7.4800 1.0000 1.0000 0.0000 -0.0000 -0.0000
7.4900 1.0000 1.0000 0.0000 -0.0000 -0.0000
7.5000 1.0000 1.0000 0.0000 -0.0000 -0.0000
7.5100 1.0000 1.0000 0.0000 -0.0000 -0.0000
7.5200 1.0000 1.0000 0.0000 -0.0000 -0.0000
7.5300 1.0000 1.0000 0.0000 -0.0000 -0.0000
7.5400 1.0000 1.0000 0.0000 -0.0000 -0.0000
7.5500 1.0000 1.0000 0.0000 -0.0000 -0.0000
7.5600 1.0000 1.0000 0.0000 -0.0000 -0.0000
7.5700 1.0000 1.0000 0.0000 -0.0000 -0.0000
7.5800 1.0000 1.0000 0.0000 -0.0000 -0.0000
7.5900 1.0000 1.0000 0.0000 -0.0000 -0.0000
7.6000 1.0000 1.0000 0.0000 -0.0000 -0.0000
7.6100 1.0000 1.0000 0.0000 -0.0000 -0.0000
7.6200 1.0000 1.0000 0.0000 -0.0000 -0.0000
7.6300 1.0000 1.0000 0.0000 -0.0000 -0.0000
7.6400 1.0000 1.0000 0.0000 -0.0000 -0.0000
7.6500 1.0000 1.0000 0.0000 -0.0000 -0.0000
7.6600 1.0000 1.0000 0.0000 -0.0000 -0.0000
7.6700 1.0000 1.0000 0.0000 -0.0000 -0.0000
7.6800 1.0000 1.0000 0.0000 -0.0000 -0.0000
7.6900 1.0000 1.0000 0.0000 -0.0000 -0.0000
7.7000 1.0000 1.0000 0.0000 -0.0000 -0.0000
7.7100 1.0000 1.0000 0.0000 -0.0000 -0.0000
7.7200 1.0000 1.0000 0.0000 -0.0000 -0.0000
7.7300 1.0000 1.0000 0.0000 -0.0000 -0.0000
7.7400 1.0000 1.0000 0.0000 -0.0000 -0.0000
7.7500 1.0000 1.0000 0.0000 -0.0000 -0.0000
7.7600 1.0000 1.0000 0.0000 -0.0000 -0.0000
7.7700 1.0000 1.0000 0.0000 -0.0000 -0.0000
7.7800 1.0000 1.0000 0.0000 -0.0000 -0.0000
7.7900 1.0000 1.0000 0.0000 -0.0000 -0.0000
7.8000 1.0000 1.0000 0.0000 -0.0000 -0.0000
7.8100 1.0000 1.0000 0.0000 -0.0000 -0.0000
7.8200 1.0000 1.0000 0.0000 -0.0000 -0.0000
7.8300 1.0000 1.0000 0.0000 -0.0000 -0.0000
7.8400 1.0000 1.0000 0.0000 -0.0000 -0.0000
7.8500 1.0000 1.0000 0.0000 -0.0000 -0.0000
7.8600 1.0000 1.0000 0.0000 -0.0000 -0.0000
7.8700 1.0000 1.0000 0.0000 -0.0000 -0.0000
7.8800 1.0000 1.0000 0.0000 -0.0000 -0.0000
7.8900 1.0000 1.0000 0.0000 -0.0000 -0.0000
7.9000 1.0000 1.0000 0.0000 -0.0000 -0.0000
7.9100 1.0000 1.0000 0.0000 -0.0000 -0.0000
7.9200 1.0000 1.0000 0.0000 -0.0000 -0.0000
7.9300 1.0000 1.0000 0.0000 -0.0000 -0.0000
7.9400 1.0000 1.0000 0.0000 -0.0000 -0.0000
7.9500 1.0000 1.0000 0.0000 -0.0000 -0.0000
7.9600 1.0000 1.0000 0.0000 -0.0000 -0.0000
7.9700 1.0000 1.0000 0.0000 -0.0000 -0.0000
7.9800 1.0000 1.0000 0.0000 -0.0000 -0.0000
7.9900 1.0000 1.0000 0.0000 -0.0000 -0.0000
8.0000 1.0000 1.0000 0.0000 -0.0000 -0.0000
8.0100 1.0000 1.0000 0.0000 -0.0000 -0.0000
8.0200 1.0000 1.0000 0.0000 -0.0000 -0.0000
8.0300 1.0000 1.0000 0.0000 -0.0000 -0.0000
8.0400 1.0000 1.0000 0.0000 -0.0000 -0.0000
8.0500 1.0000 1.0000 0.0000 -0.0000 -0.0000
8.0600 1.0000 1.0000 0.0000 -0.0000 -0.0000
8.0700 1.0000 1.0000 0.0000 -0.0000 -0.0000
8.0800 1.0000 1.0000 0.0000 -0.0000 -0.0000
8.0900 1.0000 1.0000 0.0000 -0.0000 -0.0000
8.1000 1.0000 1.0000 0.0000 -0.0000 -0.0000
8.1100 1.0000 1.0000 0.0000 -0.0000 -0.0000
8.1200 1.0000 1.0000 0.0000 -0.0000 -0.0000
8.1300 1.0000 1.0000 0.0000 -0.0000 -0.0000
8.1400 1.0000 1.0000 0.0000 -0.0000 -0.0000
8.1500 1.0000 1.0000 0.0000 -0.0000 -0.0000
8.1600 1.0000 1.0000 0.0000 -0.0000 -0.0000
8.1700 1.0000 1.0000 0.0000 -0.0000 -0.0000
8.1800 1.0000 1.0000 0.0000 -0.0000 -0.0000
8.1900 1.0000 1.0000 0.0000 -0.0000 -0.0000
8.2000 1.0000 1.0000 0.0000 -0.0000 -0.0000
8.2100 1.0000 1.0000 0.0000 -0.0000 -0.0000
8.2200 1.0000 1.0000 0.0000 -0.0000 -0.0000
8.2300 1.0000 1.0000 0.0000 -0.0000 -0.0000
8.2400 1.0000 1.0000 0.0000 -0.0000 -0.0000
8.2500 1.0000 1.0000 0.0000 -0.0000 -0.0000
8.2600 1.0000 1.0000 0.0000 -0.0000 -0.0000
8.2700 1.0000 1.0000 0.0000 -0.0000 -0.0000
8.2800 1.0000 1.0000 0.0000 -0.0000 -0.0000
8.2900 1.0000 1.0000 0.0000 -0.0000 -0.0000
8.3000 1.0000 1.0000 0.0000 -0.0000 -0.0000
8.3100 1.0000 1.0000 0.0000 -0.0000 -0.0000
8.3200 1.0000 1.0000 0.0000 -0.0000 -0.0000
8.3300 1.0000 1.0000 0.0000 -0.0000 -0.0000
8.3400 1.0000 1.0000 0.0000 -0.0000 -0.0000
8.3500 1.0000 1.0000 0.0000 -0.0000 -0.0000
8.3600 1.0000 1.0000 0.0000 -0.0000 -0.0000
8.3700 1.0000 1.0000 0.0000 -0.0000 -0.0000
8.3800 1.0000 1.0000 0.0000 -0.0000 -0.0000
8.3900 1.0000 1.0000 0.0000 -0.0000 -0.0000
8.4000 1.0000 1.0000 0.0000 -0.0000 -0.0000
8.4100 1.0000 1.0000 0.0000 -0.0000 -0.0000
8.4200 1.0000 1.0000 0.0000 -0.0000 -0.0000
8.4300 1.0000 1.0000 0.0000 -0.0000 -0.0000
8.4400 1.0000 1.0000 0.0000 -0.0000 -0.0000
8.4500 1.0000 1.0000 0.0000 -0.0000 -0.0000
8.4600 1.0000 1.0000 0.0000 -0.0000 -0.0000
8.4700 1.0000 1.0000 0.0000 -0.0000 -0.0000
8.4800 1.0000 1.0000 0.0000 -0.0000 -0.0000
8.4900 1.0000 1.0000 0.0000 -0.0000 -0.0000
8.5000 1.0000 1.0000 0.0000 -0.0000 -0.0000
8.5100 1.0000 1.0000 0.0000 -0.0000 -0.0000
8.5200 1.0000 1.0000 0.0000 -0.0000 -0.0000
8.5300 1.0000 1.0000 0.0000 -0.0000 -0.0000
8.5400 1.0000 1.0000 0.0000 -0.0000 -0.0000
8.5500 1.0000 1.0000 0.0000 -0.0000 -0.0000
8.5600 1.0000 1.0000 0.0000 -0.0000 -0.0000
8.5700 1.0000 1.0000 0.0000 -0.0000 -0.0000
8.5800 1.0000 1.0000 0.0000 -0.0000 -0.0000
8.5900 1.0000 1.0000 0.0000 -0.0000 -0.0000
8.6000 1.0000 1.0000 0.0000 -0.0000 -0.0000
8.6100 1.0000 1.0000 0.0000 -0.0000 -0.0000
8.6200 1.0000 1.0000 0.0000 -0.0000 -0.0000
8.6300 1.0000 1.0000 0.0000 -0.0000 -0.0000
8.6400 1.0000 1.0000 0.0000 -0.0000 -0.0000
8.6500 1.0000 1.0000 0.0000 -0.0000 -0.0000
8.6600 1.0000 1.0000 0.0000 -0.0000 -0.0000
8.6700 1.0000 1.0000 0.0000 -0.0000 -0.0000
8.6800 1.0000 1.0000 0.0000 -0.0000 -0.0000
8.6900 1.0000 1.0000 0.0000 -0.0000 -0.0000
8.7000 1.0000 1.0000 0.0000 -0.0000 -0.0000
8.7100 1.0000 1.0000 0.0000 -0.0000 -0.0000
8.7200 1.0000 1.0000 0.0000 -0.0000 -0.0000
8.7300 1.0000 1.0000 0.0000 -0.0000 -0.0000
8.7400 1.0000 1.0000 0.0000 -0.0000 -0.0000
8.7500 1.0000 1.0000 0.0000 -0.0000 -0.0000
8.7600 1.0000 1.0000 0.0000 -0.0000 -0.0000
8.7700 1.0000 1.0000 0.0000 -0.0000 -0.0000
8.7800 1.0000 1.0000 0.0000 -0.0000 -0.0000
8.7900 1.0000 1.0000 0.0000 -0.0000 -0.0000
8.8000 1.0000 1.0000 0.0000 -0.0000 -0.0000
8.8100 1.0000 1.0000 0.0000 -0.0000 -0.0000
8.8200 1.0000 1.0000 0.0000 -0.0000 -0.0000
8.8300 1.0000 1.0000 0.0000 -0.0000 -0.0000
8.8400 1.0000 1.0000 0.0000 -0.0000 -0.0000
8.8500 1.0000 1.0000 0.0000 -0.0000 -0.0000
8.8600 1.0000 1.0000 0.0000 -0.0000 -0.0000
8.8700 1.0000 1.0000 0.0000 -0.0000 -0.0000
8.8800 1.0000 1.0000 0.0000 -0.0000 -0.0000
8.8900 1.0000 1.0000 0.0000 -0.0000 -0.0000
8.9000 1.0000 1.0000 0.0000 -0.0000 -0.0000
8.9100 1.0000 1.0000 0.0000 -0.0000 -0.0000
8.9200 1.0000 1.0000 0.0000 -0.0000 -0.0000
8.9300 1.0000 1.0000 0.0000 -0.0000 -0.0000
8.9400 1.0000 1.0000 0.0000 -0.0000 -0.0000
8.9500 1.0000 1.0000 0.0000 -0.0000 -0.0000
8.9600 1.0000 1.0000 0.0000 -0.0000 -0.0000
8.9700 1.0000 1.0000 0.0000 -0.0000 -0.0000
8.9800 1.0000 1.0000 0.0000 -0.0000 -0.0000
8.9900 1.0000 1.0000 0.0000 -0.0000 -0.0000
9.0000 1.0000 1.0000 0.0000 -0.0000 -0.0000
9.0100 1.0000 1.0000 0.0000 -0.0000 -0.0000
9.0200 1.0000 1.0000 0.0000 -0.0000 -0.0000
9.0300 1.0000 1.0000 0.0000 -0.0000 -0.0000
9.0400 1.0000 1.0000 0.0000 -0.0000 -0.0000
9.0500 1.0000 1.0000 0.0000 -0.0000 -0.0000
9.0600 1.0000 1.0000 0.0000 -0.0000 -0.0000
9.0700 1.0000 1.0000 0.0000 -0.0000 -0.0000
9.0800 1.0000 1.0000 0.0000 -0.0000 -0.0000
9.0900 1.0000 1.0000 0.0000 -0.0000 -0.0000
9.1000 1.0000 1.0000 0.0000 -0.0000 -0.0000
9.1100 1.0000 1.0000 0.0000 -0.0000 -0.0000
9.1200 1.0000 1.0000 0.0000 -0.0000 -0.0000
9.1300 1.0000 1.0000 0.0000 -0.0000 -0.0000
9.1400 1.0000 1.0000 0.0000 -0.0000 -0.0000
9.1500 1.0000 1.0000 0.0000 -0.0000 -0.0000
9.1600 1.0000 1.0000 0.0000 -0.0000 -0.0000
9.1700 1.0000 1.0000 0.0000 -0.0000 -0.0000
9.1800 1.0000 1.0000 0.0000 -0.0000 -0.0000
9.1900 1.0000 1.0000 0.0000 -0.0000 -0.0000
9.2000 1.0000 1.0000 0.0000 -0.0000 -0.0000
9.2100 1.0000 1.0000 0.0000 -0.0000 -0.0000
9.2200 1.0000 1.0000 0.0000 -0.0000 -0.0000
9.2300 1.0000 1.0000 0.0000 -0.0000 -0.0000
9.2400 1.0000 1.0000 0.0000 -0.0000 -0.0000
9.2500 1.0000 1.0000 0.0000 -0.0000 -0.0000
9.2600 1.0000 1.0000 0.0000 -0.0000 -0.0000
9.2700 1.0000 1.0000 0.0000 -0.0000 -0.0000
9.2800 1.0000 1.0000 0.0000 -0.0000 -0.0000
9.2900 1.0000 1.0000 0.0000 -0.0000 -0.0000
9.3000 1.0000 1.0000 0.0000 -0.0000 -0.0000
9.3100 1.0000 1.0000 0.0000 -0.0000 -0.0000
9.3200 1.0000 1.0000 0.0000 -0.0000 -0.0000
9.3300 1.0000 1.0000 0.0000 -0.0000 -0.0000
9.3400 1.0000 1.0000 0.0000 -0.0000 -0.0000
9.3500 1.0000 1.0000 0.0000 -0.0000 -0.0000
9.3600 1.0000 1.0000 0.0000 -0.0000 -0.0000
9.3700 1.0000 1.0000 0.0000 -0.0000 -0.0000
9.3800 1.0000 1.0000 0.0000 -0.0000 -0.0000
9.3900 1.0000 1.0000 0.0000 -0.0000 -0.0000
9.4000 1.0000 1.0000 0.0000 -0.0000 -0.0000
9.4100 1.0000 1.0000 0.0000 -0.0000 -0.0000
9.4200 1.0000 1.0000 0.0000 -0.0000 -0.0000
9.4300 1.0000 1.0000 0.0000 -0.0000 -0.0000
9.4400 1.0000 1.0000 0.0000 -0.0000 -0.0000
9.4500 1.0000 1.0000 0.0000 -0.0000 -0.0000
9.4600 1.0000 1.0000 0.0000 -0.0000 -0.0000
9.4700 1.0000 1.0000 0.0000 -0.0000 -0.0000
9.4800 1.0000 1.0000 0.0000 -0.0000 -0.0000
9.4900 1.0000 1.0000 0.0000 -0.0000 -0.0000
9.5000 1.0000 1.0000 0.0000 -0.0000 -0.0000
9.5100 1.0000 1.0000 0.0000 -0.0000 -0.0000
9.5200 1.0000 1.0000 0.0000 -0.0000 -0.0000
9.5300 1.0000 1.0000 0.0000 -0.0000 -0.0000
9.5400 1.0000 1.0000 0.0000 -0.0000 -0.0000
9.5500 1.0000 1.0000 0.0000 -0.0000 -0.0000
9.5600 1.0000 1.0000 0.0000 -0.0000 -0.0000
9.5700 1.0000 1.0000 0.0000 -0.0000 -0.0000
9.5800 1.0000 1.0000 0.0000 -0.0000 -0.0000
9.5900 1.0000 1.0000 0.0000 -0.0000 -0.0000
9.6000 1.0000 1.0000 0.0000 -0.0000 -0.0000
9.6100 1.0000 1.0000 0.0000 -0.0000 -0.0000
9.6200 1.0000 1.0000 0.0000 -0.0000 -0.0000
9.6300 1.0000 1.0000 0.0000 -0.0000 -0.0000
9.6400 1.0000 1.0000 0.0000 -0.0000 -0.0000
9.6500 1.0000 1.0000 0.0000 -0.0000 -0.0000
9.6600 1.0000 1.0000 0.0000 -0.0000 -0.0000
9.6700 1.0000 1.0000 0.0000 -0.0000 -0.0000
9.6800 1.0000 1.0000 0.0000 -0.0000 -0.0000
9.6900 1.0000 1.0000 0.0000 -0.0000 -0.0000
9.7000 1.0000 1.0000 0.0000 -0.0000 -0.0000
9.7100 1.0000 1.0000 0.0000 -0.0000 -0.0000
9.7200 1.0000 1.0000 0.0000 -0.0000 -0.0000
9.7300 1.0000 1.0000 0.0000 -0.0000 -0.0000
9.7400 1.0000 1.0000 0.0000 -0.0000 -0.0000
9.7500 1.0000 1.0000 0.0000 -0.0000 -0.0000
9.7600 1.0000 1.0000 0.0000 -0.0000 -0.0000
9.7700 1.0000 1.0000 0.0000 -0.0000 -0.0000
9.7800 1.0000 1.0000 0.0000 -0.0000 -0.0000
9.7900 1.0000 1.0000 0.0000 -0.0000 -0.0000
9.8000 1.0000 1.0000 0.0000 -0.0000 -0.0000
9.8100 1.0000 1.0000 0.0000 -0.0000 -0.0000
9.8200 1.0000 1.0000 0.0000 -0.0000 -0.0000
9.8300 1.0000 1.0000 0.0000 -0.0000 -0.0000
9.8400 1.0000 1.0000 0.0000 -0.0000 -0.0000
9.8500 1.0000 1.0000 0.0000 -0.0000 -0.0000
9.8600 1.0000 1.0000 0.0000 -0.0000 -0.0000
9.8700 1.0000 1.0000 0.0000 -0.0000 -0.0000
9.8800 1.0000 1.0000 0.0000 -0.0000 -0.0000
9.8900 1.0000 1.0000 0.0000 -0.0000 -0.0000
9.9000 1.0000 1.0000 0.0000 -0.0000 -0.0000
9.9100 1.0000 1.0000 0.0000 -0.0000 -0.0000
9.9200 1.0000 1.0000 0.0000 -0.0000 -0.0000
9.9300 1.0000 1.0000 0.0000 -0.0000 -0.0000
9.9400 1.0000 1.0000 0.0000 -0.0000 -0.0000
9.9500 1.0000 1.0000 0.0000 -0.0000 -0.0000
9.9600 1.0000 1.0000 0.0000 -0.0000 -0.0000
9.9700 1.0000 1.0000 0.0000 -0.0000 -0.0000
9.9800 1.0000 1.0000 0.0000 -0.0000 -0.0000
9.9900 1.0000 1.0000 0.0000 -0.0000 -0.0000
10.0000 1.0000 1.0000 0.0000 -0.0000 -0.0000
